2017-12-08 19:31:00 15575.55357142857 15571 15580 39 40686
2017-12-08 19:32:00 15554.666666666666 15535 15581 16 753936
2017-12-08 19:33:00 15487.230136986302 15414 15535 20 2041476
2017-12-08 19:34:00 15386.56073943662 15330 15444.5 26 2603714
2017-12-08 19:35:00 15383.484848484848 15352 15400 58 920704
2017-12-08 19:36:00 15398.95 15360.5 15422 45 1245016
2017-12-08 19:37:00 15382.213438735178 15354 15400 42 819217
2017-12-08 19:38:00 15420.317120622569 15389 15447 49 671777
2017-12-08 19:39:00 15367.860655737704 15353 15389 25 262547
2017-12-08 19:40:00 15337.010263929618 15300 15379.5 22 1221565
2017-12-08 19:41:00 15328.053872053872 15300 15350 62 1029207
2017-12-08 19:42:00 15354.335820895523 15349.5 15359.5 58 923506
2017-12-08 19:43:00 15320.906976744185 15303 15358.5 22 600607
2017-12-08 19:44:00 15318.685082872928 15303 15341 59 576460
2017-12-08 19:45:00 15301.827868852459 15300 15304 21 565736
2017-12-08 19:46:00 15290.674242424242 15280 15303 48 628948
2017-12-08 19:47:00 15304.396449704142 15291 15318.5 70 1074516
2017-12-08 19:48:00 15326.369047619048 15302.5 15341.5 63 859474
2017-12-08 19:49:00 15308.735294117647 15279 15329.5 25 429922
2017-12-08 19:50:00 15284.397111913357 15261.5 15303.5 44 1166412
2017-12-08 19:51:00 15270.20588235294 15253 15287 33 506268
2017-12-08 19:52:00 15273.011173184357 15259 15282 67 598214
2017-12-08 19:53:00 15294.374213836478 15275 15305 79 291408
2017-12-08 19:54:00 15339.558641975309 15297.5 15359.5 83 938248
2017-12-08 19:55:00 15387.282327586207 15359 15418.5 77 1167362
2017-12-08 19:56:00 15370.87027027027 15360 15385.5 40 386889
2017-12-08 19:57:00 15370.479674796748 15360 15379 56 522849
2017-12-08 19:58:00 15386.609053497943 15360 15430 75 1015841
2017-12-08 19:59:00 15398.42619047619 15380 15419 44 994003
2017-12-08 20:00:00 15483.203836930456 15405.5 15524 78 3629313
2017-12-08 20:01:00 15539.668730650155 15510 15555 60 1119176
2017-12-08 20:02:00 15499.802281368822 15473.5 15533 51 926833
2017-12-08 20:03:00 15546.588028169013 15532 15563.5 52 874993
2017-12-08 20:04:00 15577.728110599079 15559 15598 70 1159402
2017-12-08 20:05:00 15532.26586102719 15498 15584.5 41 1862537
2017-12-08 20:06:00 15530.331428571428 15510 15561.5 36 546564
2017-12-08 20:07:00 15518.5 15500 15529 50 563782
2017-12-08 20:08:00 15509.381097560976 15474.5 15528 45 314782
2017-12-08 20:09:00 15499.77108433735 15475 15517.5 54 475225
2017-12-08 20:10:00 15505.601769911504 15503.5 15507.5 45 501574
2017-12-08 20:11:00 15464.257142857143 15428.5 15507 16 1088460
2017-12-08 20:12:00 15427.937931034483 15416 15446 28 436488
2017-12-08 20:13:00 15388.988924050633 15367.5 15426 46 1056646
2017-12-08 20:14:00 15421.067441860465 15399.5 15443 62 603637
2017-12-08 20:15:00 15364.192612137203 15340.5 15400 34 1557563
2017-12-08 20:16:00 15338.960829493088 15311 15377 42 847138
2017-12-08 20:17:00 15330.892452830189 15295.5 15364 40 965716
2017-12-08 20:18:00 15325.80985915493 15297.5 15345.5 70 855593
2017-12-08 20:19:00 15288.186721991702 15260 15323.5 31 1107746
2017-12-08 20:20:00 15307.952034883721 15250 15345 48 1251959
2017-12-08 20:21:00 15295.311036789297 15247 15331 68 1085837
2017-12-08 20:22:00 15270.358543417367 15242.5 15331 40 1554191
2017-12-08 20:23:00 15322.51282051282 15275 15352.5 63 1295650
2017-12-08 20:24:00 15297.056451612903 15280 15322.5 69 254032
2017-12-08 20:25:00 15321.665254237289 15318 15330.5 53 356141
2017-12-08 20:26:00 15295.737037037037 15281 15318.5 33 556562
2017-12-08 20:27:00 15326.132653061224 15300 15340 48 477984
2017-12-08 20:28:00 15302.433333333332 15302 15302.5 86 162683
2017-12-08 20:29:00 15352.35044642857 15302 15391 92 1393160
2017-12-08 20:30:00 15391.852777777778 15380 15399.5 62 398338
2017-12-08 20:31:00 15376.122222222222 15361.5 15396.5 33 706559
2017-12-08 20:32:00 15384.51582278481 15370 15399 58 302764
2017-12-08 20:33:00 15415.654882154882 15371 15450 69 1413324
2017-12-08 20:34:00 15432.898255813954 15418.5 15460 59 550408
2017-12-08 20:35:00 15489.908077994429 15450.5 15521 74 1811401
2017-12-08 20:36:00 15482.784584980238 15472 15510 45 1201977
2017-12-08 20:37:00 15475.709359605911 15461 15479.5 49 560821
2017-12-08 20:38:00 15469.282868525896 15437.5 15497.5 44 1224769
2017-12-08 20:39:00 15447.243346007604 15427 15471.5 38 904555
2017-12-08 20:40:00 15443.070048309179 15426.5 15469.5 53 720297
2017-12-08 20:41:00 15462.531645569621 15440 15474.5 62 557641
2017-12-08 20:42:00 15444.057471264368 15427.5 15464.5 47 429997
2017-12-08 20:43:00 15432.864705882354 15416.5 15463 32 1245226
2017-12-08 20:44:00 15350.892771084338 15320 15416.5 24 2320657
2017-12-08 20:45:00 15338.933753943218 15309 15380 63 2211062
2017-12-08 20:46:00 15327.867857142857 15287.5 15370 22 1120112
2017-12-08 20:47:00 15272.160104986877 15250 15300 39 2463643
2017-12-08 20:48:00 15239.509174311926 15211 15297 47 1917636
2017-12-08 20:49:00 15173.519891500904 15116.5 15233 26 2379291
2017-12-08 20:50:00 15181.530275229357 15091 15238 60 3510869
2017-12-08 20:51:00 15216.602739726028 15181 15252 58 664800
2017-12-08 20:52:00 15253.165254237289 15232.5 15271 75 915881
2017-12-08 20:53:00 15311.159259259259 15271 15333 72 996560
2017-12-08 20:54:00 15321.066831683169 15307 15333 28 477935
2017-12-08 20:55:00 15272.295081967213 15241 15312 40 2487938
2017-12-08 20:56:00 15305.114107883817 15260 15329 71 860851
2017-12-08 20:57:00 15349.913120567377 15329 15379 82 1507619
2017-12-08 20:58:00 15335.004739336493 15318.5 15353.5 35 882567
2017-12-08 20:59:00 15311.55325443787 15300 15329.5 39 746989
2017-12-08 21:00:00 15341.588815789473 15309.5 15353 76 438282
2017-12-08 21:01:00 15387.233429394813 15353 15410.5 67 1329436
2017-12-08 21:02:00 15409.875 15385.5 15440.5 68 1530786
2017-12-08 21:03:00 15476.621926229509 15440 15517 68 3138716
2017-12-08 21:04:00 15441.068181818182 15407.5 15479 36 1784855
2017-12-08 21:05:00 15471.777580071175 15422.5 15495.5 64 1126314
2017-12-08 21:06:00 15452.863157894737 15434 15475 42 658447
2017-12-08 21:07:00 15483.404867256637 15465.5 15487.5 62 1093704
2017-12-08 21:08:00 15497.985795454546 15477.5 15510 83 1113164
2017-12-08 21:09:00 15548.388679245283 15506.5 15587 69 2603847
2017-12-08 21:10:00 15543.569230769232 15512 15552.5 30 1883108
2017-12-08 21:11:00 15577.543909348442 15512 15600 78 1629218
2017-12-08 21:12:00 15627.304909560724 15592.5 15651.5 80 1790528
2017-12-08 21:13:00 15660.951768488745 15650 15680.5 65 1118761
2017-12-08 21:14:00 15592.346412556053 15515 15672.5 21 2339038
2017-12-08 21:15:00 15528.988607594936 15500 15556.5 54 2088817
2017-12-08 21:16:00 15607.97213114754 15556.5 15643 75 1450556
2017-12-08 21:17:00 15621.70508982036 15581.5 15650 50 1206344
2017-12-08 21:18:00 15663.233031674208 15649.5 15669.5 61 1213872
2017-12-08 21:19:00 15681.652941176471 15666.5 15696.5 73 635539
2017-12-08 21:20:00 15657.1375 15628.5 15685 26 1088376
2017-12-08 21:21:00 15577.080865603644 15536.5 15634.5 38 2151246
2017-12-08 21:22:00 15551.238605898123 15511.5 15568.5 52 1343142
2017-12-08 21:23:00 15593.565217391304 15562.5 15609 88 422508
2017-12-08 21:24:00 15607.752212389381 15602 15617.5 56 253194
2017-12-08 21:25:00 15665.372302158274 15617.5 15700 89 1467003
2017-12-08 21:26:00 15751.856981981982 15700 15800 85 2445135
2017-12-08 21:27:00 15859.186453576864 15794.5 15949.5 70 5233093
2017-12-08 21:28:00 15914.351919561243 15843.5 15965 57 3140867
2017-12-08 21:29:00 15994.105973025049 15930 16025 54 3072523
2017-12-08 21:30:00 15921.127575277338 15843.5 16017 30 5520075
2017-12-08 21:31:00 15882.893732970027 15853.5 15902.5 56 2512154
2017-12-08 21:32:00 15919.706632653062 15859 15960 42 2636467
2017-12-08 21:33:00 15899.053003533569 15869 15940 61 1088586
2017-12-08 21:34:00 15886.566666666668 15846 15923.5 18 1166256
2017-12-08 21:35:00 15886.77902621723 15850 15910 60 1314138
2017-12-08 21:36:00 15882.513698630137 15856.5 15919 66 752788
2017-12-08 21:37:00 15939.008997429306 15917.5 15970 62 1355865
2017-12-08 21:38:00 15971.383895131086 15953.5 15988.5 63 924697
2017-12-08 21:39:00 15980.26430976431 15970 15994.5 45 1117498
2017-12-08 21:40:00 16001.875350140055 15970 16027.5 64 1906547
2017-12-08 21:41:00 15982.517793594307 15950 16018 28 1210671
2017-12-08 21:42:00 15967.291262135923 15934.5 16018 55 1606334
2017-12-08 21:43:00 15980.585443037975 15934.5 16017.5 43 952247
2017-12-08 21:44:00 16049.317073170732 15969.5 16109.5 79 2902191
2017-12-08 21:45:00 16116.59667673716 16108.5 16138 63 1182654
2017-12-08 21:46:00 16181.958100558659 16124 16230.5 72 2185658
2017-12-08 21:47:00 16240.153213751868 16194 16318.5 66 4631732
2017-12-08 21:48:00 16271.843035343036 16221 16315 44 3278393
2017-12-08 21:49:00 16275.562318840579 16250 16318.5 37 2644916
2017-12-08 21:50:00 16176.93220338983 16125 16250.5 26 4194737
2017-12-08 21:51:00 16149.311715481172 16125 16180 71 1406131
2017-12-08 21:52:00 16101.273755656108 16029.5 16180 19 3572016
2017-12-08 21:53:00 15989.776344086022 15935.5 16040 32 2779835
2017-12-08 21:54:00 15993.842024539877 15961 16053 72 2750910
2017-12-08 21:55:00 16073.96875 16050 16110 70 1190368
2017-12-08 21:56:00 16127.060171919771 16090 16175 69 1870731
2017-12-08 21:57:00 16169.954081632653 16140 16194 62 1483333
2017-12-08 21:58:00 16139.099702380952 16069.5 16199.5 20 1391240
2017-12-08 21:59:00 16107.86313868613 16054 16137 67 1194708
2017-12-08 22:00:00 16107.811267605633 16077.5 16149 39 1240920
2017-12-08 22:01:00 16141.228448275862 16100.5 16181 81 937686
2017-12-08 22:02:00 16220.674641148325 16180.5 16275.5 73 2139212
2017-12-08 22:03:00 16294.82262996942 16248 16310.5 78 1602365
2017-12-08 22:04:00 16236.13140311804 16190 16310 35 2729491
2017-12-08 22:05:00 16283.944230769232 16228.5 16293 55 2340904
2017-12-08 22:06:00 16274.903703703703 16240.5 16290 45 1369812
2017-12-08 22:07:00 16329.56847826087 16285.5 16397.5 83 3685424
2017-12-08 22:08:00 16352.841991341991 16314 16391 44 2549024
2017-12-08 22:09:00 16372.488958990536 16350 16390 46 1537027
2017-12-08 22:10:00 16375.998929336189 16324.5 16420 68 2102009
2017-12-08 22:11:00 16373.348484848484 16330 16417 35 976504
2017-12-08 22:12:00 16268.456666666667 16222.5 16339.5 26 2638198
2017-12-08 22:13:00 16255.152815013405 16190 16292 59 2081126
2017-12-08 22:14:00 16216.610248447205 16170.5 16292 31 1321958
2017-12-08 22:15:00 16223.661764705883 16183 16286 81 1064510
2017-12-08 22:16:00 16297.097368421053 16259 16315 50 461749
2017-12-08 22:17:00 16283.92730496454 16250 16315 53 696233
2017-12-08 22:18:00 16247.775092936803 16224.5 16260 38 581400
2017-12-08 22:19:00 16157.218689788055 16108 16225 27 2119769
2017-12-08 22:20:00 16074.773404255318 16040 16129.5 32 1360857
2017-12-08 22:21:00 16137.592405063291 16070.5 16183 80 1761807
2017-12-08 22:22:00 16167.675531914894 16155 16185 35 670944
2017-12-08 22:23:00 16154.047904191617 16124.5 16168.5 32 1418456
2017-12-08 22:24:00 16095.868029739777 16060 16122 26 995855
2017-12-08 22:25:00 16107.281690140846 16060 16170 79 979282
2017-12-08 22:26:00 16196.462598425196 16169.5 16219.5 72 911285
2017-12-08 22:27:00 16187.295019157089 16131 16222.5 36 751975
2017-12-08 22:28:00 16132.837142857143 16114.5 16170 54 473611
2017-12-08 22:29:00 16169.443820224718 16168.5 16170 69 266214
2017-12-08 22:30:00 16127.671052631578 16092 16170 6 626274
2017-12-08 22:31:00 16017.198553054663 15962.5 16092.5 18 3843476
2017-12-08 22:32:00 15970.17825311943 15934.5 16000 41 3539332
2017-12-08 22:33:00 15976.466357308585 15934.5 16027.5 59 1953740
2017-12-08 22:34:00 15997.828125 15960 16026 59 1650625
2017-12-08 22:35:00 15985.425925925925 15964 16025.5 42 1347207
2017-12-08 22:36:00 15977.52733118971 15935 16023.5 63 1288250
2017-12-08 22:37:00 16027.024590163934 16000 16042 56 1088539
2017-12-08 22:38:00 16031.194805194806 16018 16040 59 587089
2017-12-08 22:39:00 16046.48717948718 16029 16055 60 387572
2017-12-08 22:40:00 16076.093625498008 16040 16106.5 78 1163264
2017-12-08 22:41:00 16119.731092436974 16095 16137 60 849066
2017-12-08 22:42:00 16091.76304347826 16072.5 16121 42 846812
2017-12-08 22:43:00 16071.573800738008 16021 16117.5 29 989936
2017-12-08 22:44:00 16047.620253164558 16034.5 16072 60 572648
2017-12-08 22:45:00 16066.117886178861 16026 16119.5 69 1156679
2017-12-08 22:46:00 16076.077889447237 16033 16119.5 25 531272
2017-12-08 22:47:00 16043.289285714285 16033 16059 62 358944
2017-12-08 22:48:00 16083.972375690608 16040.5 16118.5 83 650698
2017-12-08 22:49:00 16105.883064516129 16080.5 16123 29 368214
2017-12-08 22:50:00 16109.409395973154 16080 16121.5 69 713393
2017-12-08 22:51:00 16137.764814814815 16120 16160 69 880461
2017-12-08 22:52:00 16110.078787878789 16050.5 16160 26 1655343
2017-12-08 22:53:00 16097.167452830188 16050.5 16126 78 581791
2017-12-08 22:54:00 16087.00892857143 16070 16118 36 470102
2017-12-08 22:55:00 16104.596 16083 16120 67 224345
2017-12-08 22:56:00 16110.3875 16100 16122 50 405540
2017-12-08 22:57:00 16152.7325 16115 16179 72 938832
2017-12-08 22:58:00 16141.740384615385 16115 16169 51 1436919
2017-12-08 22:59:00 16176.814285714287 16169 16183 84 253701
2017-12-08 23:00:00 16186.828025477707 16182.5 16189.5 56 557149
2017-12-08 23:01:00 16186.603773584906 16178.5 16188.5 32 205454
2017-12-08 23:02:00 16171.164102564102 16152 16190 52 548951
2017-12-08 23:03:00 16188.003246753247 16162.5 16203.5 52 954551
2017-12-08 23:04:00 16174.512295081968 16162.5 16196 45 426611
2017-12-08 23:05:00 16210.210843373494 16180 16238.5 92 565167
2017-12-08 23:06:00 16244.45035460993 16232.5 16250 76 522007
2017-12-08 23:07:00 16249.920289855072 16249.5 16250 84 161876
2017-12-08 23:08:00 16238.9921875 16210.5 16254 35 1153802
2017-12-08 23:09:00 16201.120643431635 16163.5 16234 37 1556476
2017-12-08 23:10:00 16217.109022556391 16199 16234.5 60 551133
2017-12-08 23:11:00 16182.20814479638 16143 16225 25 1013141
2017-12-08 23:12:00 16104.56501182033 16050 16147.5 25 1314665
2017-12-08 23:13:00 16057.583333333334 16030 16077 40 964320
2017-12-08 23:14:00 16077.277429467085 16035.5 16131 82 1778832
2017-12-08 23:15:00 16103.302419354839 16076.5 16120 39 737595
2017-12-08 23:16:00 16127.310218978102 16114 16147 72 315769
2017-12-08 23:17:00 16136.897887323943 16120 16149.5 60 288352
2017-12-08 23:18:00 16090.5 16060.5 16146.5 35 837286
2017-12-08 23:19:00 16107.787128712871 16091 16120 48 372495
2017-12-08 23:20:00 16100.623376623376 16081.5 16113.5 20 442204
2017-12-08 23:21:00 16085.77822580645 16068 16100 50 446302
2017-12-08 23:22:00 16066.530120481928 16060 16072 38 225691
2017-12-08 23:23:00 16087.287878787878 16066.5 16098.5 61 481098
2017-12-08 23:24:00 16138.440656565657 16086.5 16197.5 79 1628679
2017-12-08 23:25:00 16159.631313131313 16140 16193 41 455319
2017-12-08 23:26:00 16145.6 16145 16147.5 46 683530
2017-12-08 23:27:00 16130.870786516854 16120.5 16147.5 33 713473
2017-12-08 23:28:00 16139.418604651162 16131.5 16149 66 194730
2017-12-08 23:29:00 16104.687224669604 16079 16133 36 588762
2017-12-08 23:30:00 16141.692105263159 16110 16170 92 680702
2017-12-08 23:31:00 16174.0445026178 16165 16197.5 68 731607
2017-12-08 23:32:00 16232.01604278075 16184 16260 68 2042074
2017-12-08 23:33:00 16241.048262548262 16222 16260 55 1230475
2017-12-08 23:34:00 16244.062801932367 16221.5 16260.5 65 983552
2017-12-08 23:35:00 16265.393333333333 16254.5 16269 48 526590
2017-12-08 23:36:00 16205.315649867374 16140.5 16255 20 1350029
2017-12-08 23:37:00 16188.455263157895 16158.5 16215 84 810984
2017-12-08 23:38:00 16204.16 16183 16217.5 46 475592
2017-12-08 23:39:00 16233.384393063583 16217.5 16250 72 330081
2017-12-08 23:40:00 16272.137829912024 16230 16300 72 980243
2017-12-08 23:41:00 16294.609792284866 16261 16332 67 1480029
2017-12-08 23:42:00 16314.84126984127 16300 16339.5 51 1388155
2017-12-08 23:43:00 16340.351612903225 16311.5 16350 87 609608
2017-12-08 23:44:00 16380.74033816425 16350 16410 75 1174373
2017-12-08 23:45:00 16388.568728522336 16370 16409.5 43 777481
2017-12-08 23:46:00 16429.753875968992 16384.5 16450 75 1905962
2017-12-08 23:47:00 16453.89484126984 16427 16463.5 51 570110
2017-12-08 23:48:00 16420.8125 16409.5 16450.5 36 1506847
2017-12-08 23:49:00 16378.90977443609 16350 16416 34 1234177
2017-12-08 23:50:00 16390.344339622643 16359.5 16420 58 1266403
2017-12-08 23:51:00 16392.372596153848 16370 16400 51 672921
2017-12-08 23:52:00 16377.120512820513 16355.5 16391 17 358549
2017-12-08 23:53:00 16340.421658986175 16325 16356.5 31 1212349
2017-12-08 23:54:00 16370.753846153846 16339.5 16390 65 664597
2017-12-08 23:55:00 16391.6582278481 16346.5 16420 72 614558
2017-12-08 23:56:00 16409.984782608695 16392 16425 50 830114
2017-12-08 23:57:00 16361.76997245179 16305 16420 29 1278426
2017-12-08 23:58:00 16335.180616740088 16305.5 16358 64 734732
2017-12-08 23:59:00 16297.285958904109 16271.5 16350 21 999438
2017-12-09 00:00:00 16279.358757062148 16268 16288.5 56 601254
2017-12-09 00:01:00 16274.674672489084 16250 16299.5 57 1083733
2017-12-09 00:02:00 16315.983091787439 16270 16350 74 1300520
2017-12-09 00:03:00 16358.835616438357 16348.5 16375 58 656434
2017-12-09 00:04:00 16381.31212121212 16370.5 16388.5 49 390473
2017-12-09 00:05:00 16384.070921985814 16369 16390 41 542797
2017-12-09 00:06:00 16406.621468926554 16373 16430 88 534326
2017-12-09 00:07:00 16476.736080178172 16429.5 16518 87 1807005
2017-12-09 00:08:00 16528.723492723493 16490 16571 69 1431525
2017-12-09 00:09:00 16553.524509803923 16518.5 16583.5 42 1696552
2017-12-09 00:10:00 16521.174418604653 16493.5 16538.5 31 907579
2017-12-09 00:11:00 16503.06557377049 16495 16509.5 40 651956
2017-12-09 00:12:00 16496.77659574468 16486 16501 29 1420323
2017-12-09 00:13:00 16454.936877076412 16425 16486.5 40 1572842
2017-12-09 00:14:00 16478.5 16468.5 16480 57 440161
2017-12-09 00:15:00 16445.36301369863 16430 16480 17 346125
2017-12-09 00:16:00 16467.71761658031 16430 16490 80 963343
2017-12-09 00:17:00 16512.43442622951 16489.5 16530 59 834624
2017-12-09 00:18:00 16535.751366120217 16509.5 16565 62 1191209
2017-12-09 00:19:00 16558.989035087718 16544.5 16582.5 70 734407
2017-12-09 00:20:00 16577.14720194647 16531 16600 46 1242119
2017-12-09 00:21:00 16565.166666666668 16531 16585.5 71 441104
2017-12-09 00:22:00 16576.128440366974 16555 16590 46 749229
2017-12-09 00:23:00 16543.595081967214 16514.5 16577 39 897282
2017-12-09 00:24:00 16504.14973262032 16461.5 16530 25 1016551
2017-12-09 00:25:00 16481.478647686832 16459.5 16507.5 56 948716
2017-12-09 00:26:00 16511.84772727273 16480 16553 82 800412
2017-12-09 00:27:00 16517.043010752688 16482.5 16553 44 463436
2017-12-09 00:28:00 16499.483695652172 16475 16530 33 809194
2017-12-09 00:29:00 16485.843253968254 16467.5 16510 44 938337
2017-12-09 00:30:00 16459.18490566038 16447 16470.5 34 971969
2017-12-09 00:31:00 16402.674922600618 16364 16447.5 25 1135533
2017-12-09 00:32:00 16427.63888888889 16390 16464.5 62 706154
2017-12-09 00:33:00 16423.858208955226 16414 16430.5 73 319305
2017-12-09 00:34:00 16436.017647058823 16410 16466.5 64 349751
2017-12-09 00:35:00 16402.60787671233 16350.5 16466.5 10 1319075
2017-12-09 00:36:00 16364.19921875 16340 16400 39 1061430
2017-12-09 00:37:00 16358.012738853504 16348 16375 51 680530
2017-12-09 00:38:00 16318.202797202797 16290 16350 16 1168216
2017-12-09 00:39:00 16272.118990384615 16250 16291 32 1870731
2017-12-09 00:40:00 16267.063106796117 16250 16284.5 46 1717923
2017-12-09 00:41:00 16240.942234848484 16211.5 16273 32 1579043
2017-12-09 00:42:00 16249.81884057971 16211 16297.5 61 1025677
2017-12-09 00:43:00 16259.441634241246 16220 16296.5 31 959660
2017-12-09 00:44:00 16201.486641221374 16194 16220.5 24 1252740
2017-12-09 00:45:00 16159.476133651551 16130 16197.5 28 1274197
2017-12-09 00:46:00 16221.84030418251 16168.5 16259.5 71 2317547
2017-12-09 00:47:00 16295.787037037036 16254 16330 64 1594215
2017-12-09 00:48:00 16283.022900763359 16259 16304 41 1159279
2017-12-09 00:49:00 16282.996644295303 16247 16320 34 1027540
2017-12-09 00:50:00 16265.860215053763 16240.5 16290 48 491228
2017-12-09 00:51:00 16249.314569536424 16236 16265.5 41 280709
2017-12-09 00:52:00 16245.977272727272 16221 16264.5 26 421039
2017-12-09 00:53:00 16238.536842105263 16221 16261 72 550540
2017-12-09 00:54:00 16223.248837209303 16200 16260 22 694511
2017-12-09 00:55:00 16136.7170781893 16091 16218 27 2807088
2017-12-09 00:56:00 16119.128571428571 16090 16137.5 46 1000370
2017-12-09 00:57:00 16079.202643171806 16071 16093 35 742875
2017-12-09 00:58:00 16031.359315589354 15980 16080.5 21 2694887
2017-12-09 00:59:00 15973.03502415459 15940 16027 52 2246389
2017-12-09 01:00:00 16044.543396226414 16026.5 16057.5 66 1096009
2017-12-09 01:01:00 16089.098765432098 16057 16111 55 1457355
2017-12-09 01:02:00 16117.465811965812 16090 16135 56 701827
2017-12-09 01:03:00 16090.315384615385 16074 16120.5 36 1223372
2017-12-09 01:04:00 16083.787128712871 16074 16100 74 451727
2017-12-09 01:05:00 16117.639024390244 16081.5 16135 47 729552
2017-12-09 01:06:00 16127.407843137255 16108.5 16140 51 929804
2017-12-09 01:07:00 16122.42735042735 16110 16136.5 53 536344
2017-12-09 01:08:00 16123.978260869566 16100 16136.5 48 642902
2017-12-09 01:09:00 16093.841584158416 16088 16101.5 43 532959
2017-12-09 01:10:00 16111.70542635659 16090 16136 80 492979
2017-12-09 01:11:00 16113.133858267716 16090 16131.5 28 591747
2017-12-09 01:12:00 16113.428 16090 16130.5 34 338994
2017-12-09 01:13:00 16159.104026845638 16090 16200 83 2226714
2017-12-09 01:14:00 16219.823671497585 16199 16240 67 714546
2017-12-09 01:15:00 16181.364253393665 16162.5 16217 33 1203420
2017-12-09 01:16:00 16200.474452554745 16170 16220 82 517924
2017-12-09 01:17:00 16233.043689320388 16219.5 16240 49 395137
2017-12-09 01:18:00 16198.464824120603 16183 16238 37 710106
2017-12-09 01:19:00 16223.825966850829 16198.5 16230 45 358046
2017-12-09 01:20:00 16222.793333333333 16213.5 16227.5 18 94335
2017-12-09 01:21:00 16203.448717948719 16200 16213.5 26 688060
2017-12-09 01:22:00 16193.175531914894 16175.5 16209.5 15 619483
2017-12-09 01:23:00 16203.572796934866 16163 16247.5 71 1301308
2017-12-09 01:24:00 16220.231481481482 16197 16236 13 382917
2017-12-09 01:25:00 16185.005128205128 16151 16203.5 30 412273
2017-12-09 01:26:00 16140.302521008403 16102 16159.5 19 1248167
2017-12-09 01:27:00 16078.15625 16060 16102.5 32 655634
2017-12-09 01:28:00 16071.502100840336 16050 16104 39 742463
2017-12-09 01:29:00 15984.064893617022 15950 16048.5 28 2970805
2017-12-09 01:30:00 15967.155477031802 15950 16000 36 1575980
2017-12-09 01:31:00 15914.951492537313 15866 15950.5 24 3169392
2017-12-09 01:32:00 15892.701785714286 15858 15929.5 56 3350240
2017-12-09 01:33:00 15924.632488479263 15911 15948 48 1644073
2017-12-09 01:34:00 15941.870820668693 15910 15958 72 1206595
2017-12-09 01:35:00 15965.69951923077 15957.5 15980 62 664987
2017-12-09 01:36:00 15905.054385964911 15874.5 15960.5 29 1301995
2017-12-09 01:37:00 15930.51875 15891 15951.5 46 670442
2017-12-09 01:38:00 15943.30733944954 15940 15947.5 58 677699
2017-12-09 01:39:00 15859.354285714286 15820 15945.5 34 3211832
2017-12-09 01:40:00 15899.405844155845 15847.5 15927 62 1669892
2017-12-09 01:41:00 15919.780612244898 15899.5 15954 58 1192830
2017-12-09 01:42:00 15967.066801619434 15932 15990 75 1131742
2017-12-09 01:43:00 15994.808441558442 15985 16000 44 414490
2017-12-09 01:44:00 15980.284722222223 15950 15992.5 40 939993
2017-12-09 01:45:00 15971.922480620155 15950 15990.5 27 249595
2017-12-09 01:46:00 15937.805921052632 15910 15960.5 5 380157
2017-12-09 01:47:00 15916.560606060606 15912 15930 56 393574
2017-12-09 01:48:00 15925.546391752578 15893.5 15940 44 507296
2017-12-09 01:49:00 15874.670792079209 15850 15921 44 1825899
2017-12-09 01:50:00 15864.366279069767 15843 15907.5 53 903110
2017-12-09 01:51:00 15867.909302325581 15840.5 15905.5 34 743471
2017-12-09 01:52:00 15847.028 15824.5 15873 36 884054
2017-12-09 01:53:00 15849.70243902439 15838.5 15875 58 860658
2017-12-09 01:54:00 15831.555384615385 15800 15853 47 1332012
2017-12-09 01:55:00 15800.79 15760 15857 24 2835540
2017-12-09 01:56:00 15727.548755186723 15700 15761 28 2140788
2017-12-09 01:57:00 15742.338926174496 15725.5 15750 68 1744466
2017-12-09 01:58:00 15706.775075987842 15679 15737 21 1732019
2017-12-09 01:59:00 15687.585185185186 15660.5 15700.5 44 1376618
2017-12-09 02:00:00 15677.083148558759 15650 15710 54 2585587
2017-12-09 02:01:00 15751.44590643275 15709.5 15780 73 2162270
2017-12-09 02:02:00 15796.990118577076 15773 15850.5 62 2984696
2017-12-09 02:03:00 15830.102362204725 15811.5 15850.5 41 1594728
2017-12-09 02:04:00 15856.627016129032 15824.5 15890 70 818974
2017-12-09 02:05:00 15902.800742574258 15870 15936 70 2965589
2017-12-09 02:06:00 15935.001529051988 15898.5 15965 51 1715785
2017-12-09 02:07:00 15849.707282913165 15824 15899.5 43 1941040
2017-12-09 02:08:00 15854.719178082192 15830 15878.5 38 871591
2017-12-09 02:09:00 15836.658469945356 15824 15850.5 54 708539
2017-12-09 02:10:00 15825.949074074075 15813 15834.5 31 396651
2017-12-09 02:11:00 15808.20243902439 15800 15820 41 600942
2017-12-09 02:12:00 15837.087301587302 15815.5 15850 88 465497
2017-12-09 02:13:00 15871.414930555555 15832 15930 73 1020162
2017-12-09 02:14:00 15900.838709677419 15859 15930 39 1015372
2017-12-09 02:15:00 15922.99213836478 15905.5 15948.5 47 946060
2017-12-09 02:16:00 15909.26653696498 15898.5 15940 48 579146
2017-12-09 02:17:00 15884.580808080807 15869.5 15900 36 1005797
2017-12-09 02:18:00 15882.065384615385 15870 15893.5 50 407825
2017-12-09 02:19:00 15868.644444444444 15850 15888 27 179896
2017-12-09 02:20:00 15801.874269005848 15771.5 15850 15 1340036
2017-12-09 02:21:00 15771.51167315175 15744.5 15806 63 809225
2017-12-09 02:22:00 15818.046511627907 15805.5 15830 54 720059
2017-12-09 02:23:00 15804.257142857143 15790 15810.5 27 781350
2017-12-09 02:24:00 15792.884615384615 15768.5 15834.5 71 318892
2017-12-09 02:25:00 15805.231884057972 15785.5 15834 44 467658
2017-12-09 02:26:00 15848.34126984127 15810 15869.5 67 561720
2017-12-09 02:27:00 15839.631578947368 15832.5 15846.5 48 351006
2017-12-09 02:28:00 15814.07614213198 15790.5 15850 14 499578
2017-12-09 02:29:00 15793.455947136565 15780 15820 52 951878
2017-12-09 02:30:00 15801.138059701492 15793 15820 44 593143
2017-12-09 02:31:00 15828.036764705883 15800 15840 75 472171
2017-12-09 02:32:00 15828.96875 15828.5 15829.5 62 67144
2017-12-09 02:33:00 15860.67094017094 15829.5 15872.5 69 547588
2017-12-09 02:34:00 15860.867567567568 15839.5 15872.5 25 731821
2017-12-09 02:35:00 15868.786624203822 15850.5 15880 68 589943
2017-12-09 02:36:00 15855.04128440367 15839.5 15870.5 42 334185
2017-12-09 02:37:00 15854.121739130434 15840 15860 46 365129
2017-12-09 02:38:00 15826.676630434782 15815.5 15840 42 702496
2017-12-09 02:39:00 15840.686813186812 15839.5 15850 72 290421
2017-12-09 02:40:00 15833.836363636363 15826.5 15840 20 229116
2017-12-09 02:41:00 15825.396174863388 15810 15844 50 469656
2017-12-09 02:42:00 15840.216216216217 15820 15850 41 586505
2017-12-09 02:43:00 15834.296296296296 15810 15855.5 59 672256
2017-12-09 02:44:00 15875.608695652174 15849.5 15909.5 90 1061246
2017-12-09 02:45:00 15911.726012793177 15876.5 15956.5 52 1658930
2017-12-09 02:46:00 15901.61403508772 15885 15909 49 553686
2017-12-09 02:47:00 15893.007194244605 15876.5 15908 38 467017
2017-12-09 02:48:00 15921.563829787234 15876.5 15952 85 676687
2017-12-09 02:49:00 15942.752631578947 15930.5 15957 57 850277
2017-12-09 02:50:00 15975.397106109325 15945 16004.5 71 1308105
2017-12-09 02:51:00 16015.719476744185 15980 16050.5 79 1411588
2017-12-09 02:52:00 16057.802521008403 16036.5 16076.5 80 906481
2017-12-09 02:53:00 16108.486842105263 16075 16135 77 1362032
2017-12-09 02:54:00 16130.669836956522 16105 16144 46 932982
2017-12-09 02:55:00 16075.894295302014 16057 16105.5 37 1567677
2017-12-09 02:56:00 16066.103359173127 16034 16091.5 48 1287391
2017-12-09 02:57:00 16087.021621621621 16076.5 16095 78 417811
2017-12-09 02:58:00 16091.344936708861 16075.5 16097.5 44 582092
2017-12-09 02:59:00 16052.201754385966 16005 16076.5 19 731527
2017-12-09 03:00:00 16034.538079470198 16005.5 16060 46 1189761
2017-12-09 03:01:00 16030.719858156028 16011 16058.5 47 277098
2017-12-09 03:02:00 16005.232673267326 15962 16020 34 1581270
2017-12-09 03:03:00 15982.068181818182 15962 16001.5 40 488953
2017-12-09 03:04:00 15988.867021276596 15970.5 16000 59 622192
2017-12-09 03:05:00 16004.943786982249 15993 16024.5 79 647547
2017-12-09 03:06:00 16018.095375722543 15999.5 16049 65 589478
2017-12-09 03:07:00 16048.299270072992 16037 16059.5 59 359889
2017-12-09 03:08:00 16043.077922077922 16029.5 16058 39 524471
2017-12-09 03:09:00 16054.604166666666 16040 16070 93 944717
2017-12-09 03:10:00 16053.801526717558 16040.5 16070 40 290892
2017-12-09 03:11:00 16035.074829931973 16004.5 16052.5 18 331535
2017-12-09 03:12:00 16008.828125 15998 16019.5 21 549657
2017-12-09 03:13:00 16000.008130081302 15986 16010 49 262784
2017-12-09 03:14:00 16011.746621621622 15986.5 16030 63 338431
2017-12-09 03:15:00 15999.144859813085 15988 16019 53 470315
2017-12-09 03:16:00 16015.963768115942 16012.5 16019 59 181139
2017-12-09 03:17:00 16021.047619047618 16014.5 16029 71 337807
2017-12-09 03:18:00 16032.278301886792 16020 16038 53 276490
2017-12-09 03:19:00 16018.151515151516 16014 16022 35 288215
2017-12-09 03:20:00 16021.102040816326 16016 16030 93 196328
2017-12-09 03:21:00 16021.5 16005.5 16030 46 396925
2017-12-09 03:22:00 16023.17901234568 16010 16028.5 50 184937
2017-12-09 03:23:00 16026.375 16026 16026.5 75 52162
2017-12-09 03:24:00 16025.272727272728 16010 16030 46 490404
2017-12-09 03:25:00 15995.41439688716 15973 16021.5 34 563122
2017-12-09 03:26:00 16015.179166666667 15994 16030 95 284751
2017-12-09 03:27:00 16038.0 16029.5 16050 83 760865
2017-12-09 03:28:00 16042.834745762711 16016.5 16050 39 375708
2017-12-09 03:29:00 16016.61855670103 16004.5 16036 67 331410
2017-12-09 03:30:00 16008.948863636364 15994.5 16036 36 395575
2017-12-09 03:31:00 16001.214285714286 15985.5 16012 31 301251
2017-12-09 03:32:00 15950.09746835443 15901 16005 14 1845303
2017-12-09 03:33:00 15845.638461538461 15788 15901 26 2912064
2017-12-09 03:34:00 15776.242881072027 15745.5 15801 25 2118246
2017-12-09 03:35:00 15755.508695652174 15724.5 15797 50 2113882
2017-12-09 03:36:00 15833.939306358381 15795.5 15853 72 1529684
2017-12-09 03:37:00 15823.036585365853 15801.5 15850.5 36 1154452
2017-12-09 03:38:00 15836.24060150376 15811 15846 70 547134
2017-12-09 03:39:00 15784.608695652174 15739.5 15846 26 2357196
2017-12-09 03:40:00 15765.509505703421 15751 15788 56 783278
2017-12-09 03:41:00 15811.324041811848 15787.5 15833 57 1416237
2017-12-09 03:42:00 15773.11568627451 15749.5 15800 52 1268407
2017-12-09 03:43:00 15794.377777777778 15793.5 15797.5 76 353208
2017-12-09 03:44:00 15807.307189542484 15798.5 15830 83 549186
2017-12-09 03:45:00 15864.66489361702 15829.5 15877.5 60 984514
2017-12-09 03:46:00 15848.05944055944 15833.5 15870.5 30 439791
2017-12-09 03:47:00 15838.113924050633 15821.5 15859.5 55 356752
2017-12-09 03:48:00 15851.520833333334 15841 15860 19 224425
2017-12-09 03:49:00 15828.69014084507 15811 15841 23 1293243
2017-12-09 03:50:00 15820.666666666666 15815.5 15830.5 67 142615
2017-12-09 03:51:00 15828.164835164835 15814.5 15840 64 138241
2017-12-09 03:52:00 15826.262096774193 15810.5 15838 61 416431
2017-12-09 03:53:00 15822.723076923077 15801 15838 30 344826
2017-12-09 03:54:00 15771.044169611307 15749.5 15801.5 36 1115490
2017-12-09 03:55:00 15829.994845360825 15790 15858.5 75 702294
2017-12-09 03:56:00 15824.278301886792 15804.5 15830.5 37 299688
2017-12-09 03:57:00 15809.924390243903 15800 15844 71 1758961
2017-12-09 03:58:00 15829.50847457627 15820 15843.5 44 167508
2017-12-09 03:59:00 15820.64598540146 15815 15825 62 942764
2017-12-09 04:00:00 15855.91167192429 15824.5 15879.5 63 2493107
2017-12-09 04:01:00 15857.057553956834 15835 15871 76 897482
2017-12-09 04:02:00 15898.735772357724 15870 15946 79 1955073
2017-12-09 04:03:00 15946.844594594595 15927.5 15957.5 53 990296
2017-12-09 04:04:00 15975.541002277905 15947.5 16000 65 1604045
2017-12-09 04:05:00 15985.840840840841 15960.5 16011 51 872207
2017-12-09 04:06:00 15944.441780821919 15917 15991 32 1146621
2017-12-09 04:07:00 15951.653594771242 15940 15968 58 491593
2017-12-09 04:08:00 15946.53125 15935 15967.5 50 437312
2017-12-09 04:09:00 15956.41237113402 15933 15965.5 26 400496
2017-12-09 04:10:00 15917.631147540984 15888 15950 24 1352157
2017-12-09 04:11:00 15911.9375 15886 15944 50 581659
2017-12-09 04:12:00 15873.961267605633 15851.5 15891 17 557101
2017-12-09 04:13:00 15884.91884816754 15850 15918.5 80 1001976
2017-12-09 04:14:00 15905.970108695652 15885.5 15929.5 60 915559
2017-12-09 04:15:00 15935.415760869566 15923.5 15948 60 764389
2017-12-09 04:16:00 15918.958333333334 15901.5 15927 47 485967
2017-12-09 04:17:00 15938.666666666666 15926.5 15948 72 386295
2017-12-09 04:18:00 15945.078947368422 15941.5 15949 75 209826
2017-12-09 04:19:00 15947.71875 15940 15953.5 50 354310
2017-12-09 04:20:00 15958.257352941177 15950.5 15969 63 389627
2017-12-09 04:21:00 15947.579545454546 15920.5 15969 21 238480
2017-12-09 04:22:00 15966.524844720498 15935 15992.5 96 874957
2017-12-09 04:23:00 16017.376996805111 15992 16050.5 79 950169
2017-12-09 04:24:00 16047.5200729927 16030 16057 51 1195280
2017-12-09 04:25:00 16058.32142857143 16053.5 16075.5 73 943959
2017-12-09 04:26:00 16046.17 16014.5 16081.5 30 750396
2017-12-09 04:27:00 16028.82751091703 16006 16040 32 882600
2017-12-09 04:28:00 16012.970183486239 16000 16038.5 47 798127
2017-12-09 04:29:00 15998.274752475247 15991.5 16010 46 902151
2017-12-09 04:30:00 16005.573891625616 15983.5 16031 45 1004435
2017-12-09 04:31:00 15995.801136363636 15992.5 16000 31 264312
2017-12-09 04:32:00 16012.678010471203 15992.5 16031 79 610989
2017-12-09 04:33:00 16000.940594059406 15985 16031 15 229946
2017-12-09 04:34:00 15965.478787878788 15940 15985.5 32 1464430
2017-12-09 04:35:00 15924.710182767623 15874.5 15985 35 2172302
2017-12-09 04:36:00 15839.06957328386 15809 15899 32 2668333
2017-12-09 04:37:00 15827.760450160771 15785.5 15884 36 3544296
2017-12-09 04:38:00 15777.9216152019 15750 15801 41 1724694
2017-12-09 04:39:00 15792.467447916666 15750 15824.5 61 1525347
2017-12-09 04:40:00 15821.575892857143 15800 15851 64 1522027
2017-12-09 04:41:00 15792.367857142857 15780 15814 32 2605300
2017-12-09 04:42:00 15774.743016759776 15731.5 15826 47 3590402
2017-12-09 04:43:00 15756.553285968028 15721 15814.5 58 2161857
2017-12-09 04:44:00 15802.186241610738 15769.5 15825 39 928007
2017-12-09 04:45:00 15816.007978723404 15769.5 15835 73 366907
2017-12-09 04:46:00 15847.74623115578 15834 15860 67 389031
2017-12-09 04:47:00 15833.76 15809.5 15845.5 33 621637
2017-12-09 04:48:00 15785.929487179486 15766.5 15810 36 584847
2017-12-09 04:49:00 15766.58176100629 15750 15790.5 36 836688
2017-12-09 04:50:00 15771.977642276423 15759.5 15784 61 695844
2017-12-09 04:51:00 15767.688829787234 15752 15784 51 935134
2017-12-09 04:52:00 15684.229702970297 15626.5 15757.5 11 4511380
2017-12-09 04:53:00 15575.30265095729 15499.5 15635 22 4927620
2017-12-09 04:54:00 15541.70990990991 15471.5 15582.5 47 4348748
2017-12-09 04:55:00 15494.431870669747 15470 15547 41 2306584
2017-12-09 04:56:00 15499.914102564102 15470 15569 61 2084373
2017-12-09 04:57:00 15621.787746170678 15555.5 15675 67 3238605
2017-12-09 04:58:00 15639.969728601252 15603.5 15680 43 2066891
2017-12-09 04:59:00 15632.248962655602 15615 15650.5 53 720784
2017-12-09 05:00:00 15612.28171641791 15570.5 15650 31 660526
2017-12-09 05:01:00 15576.67657992565 15570 15600 46 1034569
2017-12-09 05:02:00 15604.098101265823 15577.5 15630.5 82 455264
2017-12-09 05:03:00 15629.5 15622 15630.5 46 553656
2017-12-09 05:04:00 15606.244186046511 15570 15622.5 26 640034
2017-12-09 05:05:00 15576.777056277057 15550 15600 47 657222
2017-12-09 05:06:00 15478.149681528663 15418.5 15550 24 4590620
2017-12-09 05:07:00 15445.41896869245 15402 15500 47 3217426
2017-12-09 05:08:00 15449.085808580858 15420 15480 61 1076476
2017-12-09 05:09:00 15484.139502762431 15450 15549.5 58 1783964
2017-12-09 05:10:00 15509.898529411765 15477.5 15549.5 63 2455714
2017-12-09 05:11:00 15530.872596153846 15501 15570.5 62 602524
2017-12-09 05:12:00 15609.468493150685 15569.5 15650 76 1694445
2017-12-09 05:13:00 15617.772997032642 15591 15650 35 1468802
2017-12-09 05:14:00 15570.663120567377 15549.5 15603.5 47 961425
2017-12-09 05:15:00 15650.765046296296 15580 15691.5 78 1859688
2017-12-09 05:16:00 15718.806420233463 15660 15792.5 86 1766264
2017-12-09 05:17:00 15795.127201565558 15766.5 15830 58 1428264
2017-12-09 05:18:00 15746.428294573643 15731.5 15767.5 32 709359
2017-12-09 05:19:00 15708.429850746268 15652.5 15753 29 1292298
2017-12-09 05:20:00 15678.179487179486 15639.5 15720 65 1015394
2017-12-09 05:21:00 15671.889655172414 15638 15731 38 754534
2017-12-09 05:22:00 15632.122866894199 15603 15679 37 542483
2017-12-09 05:23:00 15638.068047337278 15629.5 15642 59 723849
2017-12-09 05:24:00 15646.732075471698 15632 15680 64 812965
2017-12-09 05:25:00 15664.099056603774 15644.5 15694.5 71 357062
2017-12-09 05:26:00 15621.350769230768 15591.5 15680 31 964233
2017-12-09 05:27:00 15572.426886792453 15518 15657 34 1094088
2017-12-09 05:28:00 15564.105263157895 15523.5 15590 72 561033
2017-12-09 05:29:00 15542.424342105263 15499.5 15591 29 929629
2017-12-09 05:30:00 15542.947552447553 15500 15581 69 1226575
2017-12-09 05:31:00 15562.401287553648 15550 15576 49 669716
2017-12-09 05:32:00 15536.90807174888 15507.5 15570 36 1269827
2017-12-09 05:33:00 15576.43962264151 15520 15600 73 1412101
2017-12-09 05:34:00 15573.878289473685 15554 15593.5 49 402331
2017-12-09 05:35:00 15539.876953125 15511.5 15586 42 1092800
2017-12-09 05:36:00 15445.983818770226 15394 15539.5 13 3667663
2017-12-09 05:37:00 15355.136737089202 15293.5 15430 28 5402107
2017-12-09 05:38:00 15297.919278996866 15233.5 15371.5 45 2237349
2017-12-09 05:39:00 15371.56146572104 15293.5 15430.5 72 2537002
2017-12-09 05:40:00 15416.038888888888 15370 15455 65 1017178
2017-12-09 05:41:00 15426.0 15400 15474 37 995449
2017-12-09 05:42:00 15356.191699604744 15333 15400.5 34 919732
2017-12-09 05:43:00 15390.625862068966 15341 15420 71 1548601
2017-12-09 05:44:00 15400.185763888889 15359.5 15429.5 50 900580
2017-12-09 05:45:00 15421.237556561086 15406 15438.5 56 1000646
2017-12-09 05:46:00 15427.640243902439 15390 15439 28 622234
2017-12-09 05:47:00 15350.160751565762 15308 15390 35 2008898
2017-12-09 05:48:00 15351.184803001875 15288 15421 54 1853901
2017-12-09 05:49:00 15363.634328358208 15323.5 15418 60 1029492
2017-12-09 05:50:00 15415.063636363637 15390.5 15435 75 834802
2017-12-09 05:51:00 15518.112403100775 15435 15590 86 1364736
2017-12-09 05:52:00 15570.850931677018 15544 15599 37 998397
2017-12-09 05:53:00 15528.295731707318 15495 15554.5 39 914909
2017-12-09 05:54:00 15492.716346153846 15470 15533 60 1056045
2017-12-09 05:55:00 15516.060096153846 15490 15533 49 609553
2017-12-09 05:56:00 15518.917142857143 15504 15550 54 540512
2017-12-09 05:57:00 15516.061594202898 15500 15536 34 429646
2017-12-09 05:58:00 15463.588383838383 15442.5 15500.5 31 634959
2017-12-09 05:59:00 15483.002590673575 15454.5 15507.5 49 534405
2017-12-09 06:00:00 15452.94347826087 15429 15484 36 677286
2017-12-09 06:01:00 15492.669611307421 15429 15542 73 830681
2017-12-09 06:02:00 15541.391191709845 15505 15580 66 506965
2017-12-09 06:03:00 15581.081113801452 15529 15620 62 1373232
2017-12-09 06:04:00 15595.207792207791 15580 15610.5 31 368862
2017-12-09 06:05:00 15642.251141552511 15593 15677.5 76 751949
2017-12-09 06:06:00 15650.50796812749 15620 15690 57 1492570
2017-12-09 06:07:00 15692.770573566086 15651 15739.5 79 1157871
2017-12-09 06:08:00 15715.413436692506 15673.5 15739.5 45 1223346
2017-12-09 06:09:00 15719.561776061775 15690 15750 61 765226
2017-12-09 06:10:00 15711.09649122807 15655.5 15750 28 1001422
2017-12-09 06:11:00 15668.281368821294 15656 15710 57 771808
2017-12-09 06:12:00 15689.791666666666 15683 15693.5 45 328469
2017-12-09 06:13:00 15687.819277108434 15683 15690 22 158170
2017-12-09 06:14:00 15722.60502283105 15683.5 15750 79 849591
2017-12-09 06:15:00 15767.700288184438 15742.5 15790 57 1084283
2017-12-09 06:16:00 15754.094674556212 15701 15789.5 39 2029813
2017-12-09 06:17:00 15696.154069767443 15655.5 15734 33 1136522
2017-12-09 06:18:00 15661.025449101797 15637 15690 47 841329
2017-12-09 06:19:00 15674.014084507042 15651 15705 69 852181
2017-12-09 06:20:00 15689.0 15669 15710 56 481575
2017-12-09 06:21:00 15665.779069767443 15661 15680 50 472859
2017-12-09 06:22:00 15679.0 15674 15680 60 294055
2017-12-09 06:23:00 15692.752100840336 15678 15718.5 72 233322
2017-12-09 06:24:00 15682.172932330826 15665 15704.5 32 271835
2017-12-09 06:25:00 15621.196828358208 15570 15698 41 3679517
2017-12-09 06:26:00 15619.375984251968 15584.5 15644.5 56 651267
2017-12-09 06:27:00 15583.811728395061 15569 15618 48 365244
2017-12-09 06:28:00 15601.90099009901 15579 15610 53 280281
2017-12-09 06:29:00 15562.487012987012 15555 15576.5 39 939859
2017-12-09 06:30:00 15587.846153846154 15556.5 15620 70 849041
2017-12-09 06:31:00 15610.107913669064 15598.5 15625.5 48 400446
2017-12-09 06:32:00 15608.176923076922 15582 15630 53 486950
2017-12-09 06:33:00 15599.410958904109 15590.5 15606 46 119262
2017-12-09 06:34:00 15604.878881987577 15589.5 15620 70 525433
2017-12-09 06:35:00 15650.8 15623 15683 85 458500
2017-12-09 06:36:00 15658.414965986394 15629.5 15682.5 25 462927
2017-12-09 06:37:00 15631.155555555555 15629.5 15634.5 77 130064
2017-12-09 06:38:00 15671.172077922078 15639 15691 64 592267
2017-12-09 06:39:00 15690.591666666667 15670 15710 62 1101663
2017-12-09 06:40:00 15713.150980392156 15697 15727 68 737755
2017-12-09 06:41:00 15685.22950819672 15658 15722 38 693317
2017-12-09 06:42:00 15673.89247311828 15668.5 15684.5 68 137085
2017-12-09 06:43:00 15662.277777777777 15649.5 15680.5 13 195312
2017-12-09 06:44:00 15623.455985915492 15584 15650 32 1040063
2017-12-09 06:45:00 15630.768398268398 15585 15660 74 546675
2017-12-09 06:46:00 15659.905172413793 15655 15660.5 44 168863
2017-12-09 06:47:00 15663.449275362318 15655 15673 57 103450
2017-12-09 06:48:00 15655.363636363636 15653 15664.5 68 79673
2017-12-09 06:49:00 15695.948113207547 15664 15714.5 70 1166648
2017-12-09 06:50:00 15676.51867219917 15650 15707.5 28 924315
2017-12-09 06:51:00 15658.18857142857 15650 15676.5 36 353231
2017-12-09 06:52:00 15658.5625 15653 15661 47 124399
2017-12-09 06:53:00 15661.630434782608 15660 15671 65 58917
2017-12-09 06:54:00 15666.082706766918 15650 15695 48 256589
2017-12-09 06:55:00 15651.308333333332 15645.5 15660 25 131901
2017-12-09 06:56:00 15664.763392857143 15645.5 15684 58 163159
2017-12-09 06:57:00 15651.8908045977 15640.5 15670.5 27 155709
2017-12-09 06:58:00 15662.92735042735 15644.5 15670 48 238457
2017-12-09 06:59:00 15640.777173913044 15637.5 15647 38 375258
2017-12-09 07:00:00 15668.371508379889 15637.5 15693.5 89 335804
2017-12-09 07:01:00 15726.36525974026 15672 15750 83 910566
2017-12-09 07:02:00 15755.37380952381 15740 15769.5 66 560201
2017-12-09 07:03:00 15817.345238095239 15769.5 15840 77 1758757
2017-12-09 07:04:00 15855.70926517572 15839.5 15881.5 71 1671226
2017-12-09 07:05:00 15853.266071428572 15830 15870 28 734599
2017-12-09 07:06:00 15846.43710691824 15824 15881.5 60 907485
2017-12-09 07:07:00 15834.699541284404 15811 15867.5 24 561568
2017-12-09 07:08:00 15848.277372262773 15829.5 15867.5 65 248680
2017-12-09 07:09:00 15852.025423728814 15840 15857 50 254066
2017-12-09 07:10:00 15850.984375 15839.5 15857 21 158554
2017-12-09 07:11:00 15834.177685950413 15810 15850 32 870576
2017-12-09 07:12:00 15879.774285714286 15839.5 15905.5 84 1836313
2017-12-09 07:13:00 15933.679948586117 15900 15967.5 66 1653833
2017-12-09 07:14:00 15934.99344978166 15909 15951 31 750675
2017-12-09 07:15:00 15908.703601108033 15880 15945.5 31 863972
2017-12-09 07:16:00 15884.903536977492 15875 15900 45 722900
2017-12-09 07:17:00 15874.996350364963 15866 15885.5 53 474753
2017-12-09 07:18:00 15904.953947368422 15879.5 15919 64 518360
2017-12-09 07:19:00 15919.628888888888 15902 15948 64 683174
2017-12-09 07:20:00 15932.308641975309 15928 15948 56 168896
2017-12-09 07:21:00 15944.287790697674 15939 15950 56 516305
2017-12-09 07:22:00 15932.946022727272 15920 15940.5 25 578217
2017-12-09 07:23:00 15916.422018348623 15902 15931.5 31 664418
2017-12-09 07:24:00 15917.914141414141 15904.5 15922.5 37 217635
2017-12-09 07:25:00 15929.131818181819 15922 15935 62 175639
2017-12-09 07:26:00 15938.60436893204 15920 15955.5 57 912201
2017-12-09 07:27:00 15918.412337662337 15901 15925.5 37 429900
2017-12-09 07:28:00 15899.264900662252 15886 15920 20 1090547
2017-12-09 07:29:00 15891.016129032258 15888 15895.5 46 268135
2017-12-09 07:30:00 15905.74074074074 15888 15930 79 360173
2017-12-09 07:31:00 15925.710256410257 15900 15940 39 432424
2017-12-09 07:32:00 15902.912162162162 15894 15905.5 14 96884
2017-12-09 07:33:00 15867.016393442624 15824.5 15898 21 926359
2017-12-09 07:34:00 15802.70652173913 15780 15844 28 1014988
2017-12-09 07:35:00 15794.3 15774 15812.5 56 1009237
2017-12-09 07:36:00 15785.68275862069 15762 15800.5 31 231644
2017-12-09 07:37:00 15744.391393442624 15717 15762.5 20 1486677
2017-12-09 07:38:00 15750.924528301886 15710 15785.5 63 1047521
2017-12-09 07:39:00 15771.023148148148 15760 15784 58 192783
2017-12-09 07:40:00 15813.010593220339 15778.5 15838.5 80 491475
2017-12-09 07:41:00 15793.881526104418 15774 15818.5 42 506852
2017-12-09 07:42:00 15787.434782608696 15770 15804.5 47 326562
2017-12-09 07:43:00 15796.481707317073 15783.5 15809 85 174773
2017-12-09 07:44:00 15802.28125 15784 15818 27 226018
2017-12-09 07:45:00 15792.074712643678 15784.5 15800 86 206230
2017-12-09 07:46:00 15800.714285714286 15785.5 15808 51 160610
2017-12-09 07:47:00 15796.819587628866 15785.5 15808 53 178559
2017-12-09 07:48:00 15794.283333333333 15794 15794.5 56 19394
2017-12-09 07:49:00 15823.882857142857 15794 15841 84 315134
2017-12-09 07:50:00 15862.92214532872 15841 15892.5 70 996520
2017-12-09 07:51:00 15899.919871794871 15881 15920 64 321786
2017-12-09 07:52:00 15882.444736842106 15860.5 15906 29 345838
2017-12-09 07:53:00 15868.524038461539 15863 15881 27 172057
2017-12-09 07:54:00 15877.760869565218 15863 15885 71 97542
2017-12-09 07:55:00 15883.923245614034 15859.5 15907.5 60 611084
2017-12-09 07:56:00 15884.828125 15876.5 15890.5 39 74027
2017-12-09 07:57:00 15867.025974025973 15858.5 15880.5 18 196836
2017-12-09 07:58:00 15856.935643564357 15852 15860.5 5 225284
2017-12-09 07:59:00 15830.90663900415 15814 15852 47 809206
2017-12-09 08:00:00 15841.5 15810.5 15864.5 57 434638
2017-12-09 08:01:00 15835.24623115578 15807.5 15857 30 503734
2017-12-09 08:02:00 15795.336 15785.5 15810.5 18 303655
2017-12-09 08:03:00 15774.093373493975 15755.5 15790.5 40 459837
2017-12-09 08:04:00 15801.075471698114 15790.5 15814 68 356823
2017-12-09 08:05:00 15814.069230769232 15801.5 15820.5 64 88803
2017-12-09 08:06:00 15806.1875 15800 15810.5 25 135964
2017-12-09 08:07:00 15802.625 15800 15816 56 231670
2017-12-09 08:08:00 15813.554054054053 15810 15816 35 137780
2017-12-09 08:09:00 15822.686567164179 15809.5 15837.5 73 263476
2017-12-09 08:10:00 15832.157894736842 15829 15842 71 148186
