2017-12-18 16:49:00 0.057812 0.057812 0.057812 100 2
2017-12-18 16:52:00 0.057747999999999994 0.057745 0.057751 0 2
2017-12-18 16:53:00 0.057883 0.057883 0.057883 0 1
2017-12-18 16:54:00 0.0578815 0.05788 0.057883 0 2
2017-12-18 16:57:00 0.058696 0.058696 0.058696 0 1
2017-12-18 17:00:00 0.058893 0.058893 0.058893 100 3
2017-12-18 17:05:00 0.05885 0.05885 0.05885 100 1
2017-12-18 17:15:00 0.058811 0.058811 0.058811 100 1
2017-12-18 17:17:00 0.059324 0.059324 0.059324 100 1
2017-12-18 17:21:00 0.059173 0.059173 0.059173 0 1
2017-12-18 17:22:00 0.05921 0.05921 0.05921 0 1
2017-12-18 17:23:00 0.059263 0.059263 0.059263 0 1
2017-12-18 17:25:00 0.059098 0.059098 0.059098 0 3
2017-12-18 17:27:00 0.059241 0.059241 0.059241 0 1
2017-12-18 17:28:00 0.059179 0.059179 0.059179 0 1
2017-12-18 17:38:00 0.059128 0.059128 0.059128 0 1
2017-12-18 17:47:00 0.059155 0.05914 0.05917 0 5
2017-12-18 17:51:00 0.05913 0.05913 0.05913 0 1
2017-12-18 17:56:00 0.058976 0.058976 0.058976 0 1
2017-12-18 17:57:00 0.058962 0.058962 0.058962 0 1
2017-12-18 18:01:00 0.05902 0.05902 0.05902 100 1
2017-12-18 18:03:00 0.058931 0.058931 0.058931 0 1
2017-12-18 18:06:00 0.0595 0.0595 0.0595 0 1
2017-12-18 18:07:00 0.0595 0.0595 0.0595 0 1
2017-12-18 18:09:00 0.0595 0.0595 0.0595 0 1
2017-12-18 18:21:00 0.0599066 0.059756 0.059971 60 50
2017-12-18 18:25:00 0.059999 0.059999 0.059999 100 1
2017-12-18 18:29:00 0.059785 0.059785 0.059785 0 1
2017-12-18 18:32:00 0.059779 0.059779 0.059779 0 1
2017-12-18 18:47:00 0.06012514285714286 0.06 0.060281 85 51
2017-12-18 18:48:00 0.060313 0.060313 0.060313 100 1
2017-12-18 18:49:00 0.060103 0.060103 0.060103 0 1
2017-12-18 18:53:00 0.060092 0.060092 0.060092 0 10
2017-12-18 19:01:00 0.059653 0.059653 0.059653 0 1
2017-12-18 19:02:00 0.060079 0.059973 0.060185 50 6
2017-12-18 19:09:00 0.059623499999999996 0.059592 0.059655 0 10
2017-12-18 19:12:00 0.05948833333333334 0.059429 0.059536 0 18
2017-12-18 19:16:00 0.05957 0.05957 0.05957 100 3
2017-12-18 19:56:00 0.060046 0.060046 0.060046 0 1
2017-12-18 20:09:00 0.06032 0.060309 0.060331 100 2
2017-12-18 20:20:00 0.060575333333333335 0.060429 0.060649 66 4
2017-12-18 20:23:00 0.0607125 0.060638 0.060747 100 30
2017-12-18 20:24:00 0.06078833333333333 0.060699 0.06086 66 25
2017-12-18 20:30:00 0.060903 0.060892 0.060914 100 15
2017-12-18 20:35:00 0.060856 0.060856 0.060856 100 10
2017-12-18 20:36:00 0.06069 0.06069 0.06069 0 1
2017-12-18 20:38:00 0.060532 0.060478 0.060586 100 15
2017-12-18 20:39:00 0.060324 0.060313 0.060335 0 10
2017-12-18 20:43:00 0.060492 0.060492 0.060492 0 5
2017-12-18 20:56:00 0.05998071428571429 0.059759 0.060132 0 60
2017-12-18 21:02:00 0.059783333333333334 0.059721 0.059829 0 15
2017-12-18 21:04:00 0.060047 0.060047 0.060047 100 1
2017-12-18 21:12:00 0.059677 0.059677 0.059677 0 2
2017-12-18 21:54:00 0.06022 0.06022 0.06022 0 1
2017-12-18 21:59:00 0.060538 0.060538 0.060538 100 10
2017-12-18 22:08:00 0.060739 0.060643 0.060808 100 40
2017-12-18 22:18:00 0.060943 0.060943 0.060943 100 2
2017-12-18 22:24:00 0.061068 0.061068 0.061068 100 2
2017-12-18 22:29:00 0.061068 0.061068 0.061068 100 7
2017-12-18 22:30:00 0.061856 0.0615 0.062045 100 9
2017-12-18 22:37:00 0.062716 0.062716 0.062716 100 1
2017-12-18 22:40:00 0.0628245 0.06278 0.062869 100 2
2017-12-18 22:43:00 0.063032 0.063032 0.063032 100 1
2017-12-18 22:46:00 0.063358 0.063253 0.063463 100 4
2017-12-18 22:47:00 0.06423566666666668 0.064 0.064425 100 3
2017-12-18 22:48:00 0.0642375 0.064078 0.064397 50 4
2017-12-18 22:53:00 0.064094 0.064053 0.064135 50 12
2017-12-18 22:54:00 0.06342133333333333 0.062888 0.064135 0 4
2017-12-18 22:57:00 0.062889 0.062889 0.062889 0 32
2017-12-18 23:00:00 0.062065499999999996 0.061951 0.06218 100 3
2017-12-18 23:04:00 0.06165 0.06165 0.06165 0 1
2017-12-18 23:09:00 0.060726 0.060577 0.061001 16 70
2017-12-18 23:10:00 0.060461 0.060461 0.060461 0 10
2017-12-18 23:11:00 0.06018777777777778 0.059973 0.060501 22 45
2017-12-18 23:12:00 0.060165 0.060165 0.060165 100 1
2017-12-18 23:22:00 0.060423 0.060416 0.06043 0 5
2017-12-18 23:30:00 0.061422 0.061422 0.061422 100 1
2017-12-18 23:31:00 0.06132 0.06132 0.06132 0 1
2017-12-18 23:32:00 0.0612 0.0612 0.0612 100 1
2017-12-18 23:36:00 0.0612 0.0612 0.0612 100 5
2017-12-18 23:43:00 0.06188 0.06188 0.06188 0 1
2017-12-18 23:52:00 0.0610835 0.060758 0.061409 50 7
2017-12-18 23:59:00 0.060828 0.060828 0.060828 0 5
2017-12-19 00:02:00 0.060839000000000004 0.060828 0.06085 0 4
2017-12-19 00:09:00 0.060879 0.060858 0.0609 0 5
2017-12-19 00:14:00 0.061248 0.061248 0.061248 100 6
2017-12-19 00:18:00 0.061749 0.061749 0.061749 100 10
2017-12-19 00:19:00 0.061805 0.061805 0.061805 100 10
2017-12-19 00:21:00 0.062022 0.062022 0.062022 100 1
2017-12-19 00:26:00 0.062461333333333334 0.062168 0.062608 100 15
2017-12-19 00:33:00 0.062808 0.062808 0.062808 0 1
2017-12-19 00:45:00 0.062165 0.062165 0.062165 0 2
2017-12-19 00:51:00 0.062148 0.062148 0.062148 0 5
2017-12-19 00:59:00 0.062812 0.062812 0.062812 100 2
2017-12-19 01:07:00 0.062925 0.062925 0.062925 0 5
2017-12-19 01:20:00 0.0629 0.0629 0.0629 0 1
2017-12-19 01:22:00 0.0629 0.0629 0.0629 0 9
2017-12-19 01:37:00 0.0639 0.0639 0.0639 100 4
2017-12-19 01:46:00 0.063501 0.063501 0.063501 0 1
2017-12-19 01:59:00 0.0643725 0.064182 0.064664 100 40
2017-12-19 02:11:00 0.0635 0.0635 0.0635 0 1
2017-12-19 02:12:00 0.0635 0.0635 0.0635 0 1
2017-12-19 02:13:00 0.0635 0.0635 0.0635 0 1
2017-12-19 02:43:00 0.064146 0.064146 0.064146 100 10
2017-12-19 02:46:00 0.0644998 0.064499 0.0645 80 51
2017-12-19 02:49:00 0.064815 0.064815 0.064815 100 1
2017-12-19 02:50:00 0.06490875 0.064785 0.065 75 50
2017-12-19 02:51:00 0.065018 0.065018 0.065018 100 1
2017-12-19 02:52:00 0.064919 0.064919 0.064919 100 2
2017-12-19 02:53:00 0.064991 0.064991 0.064991 100 2
2017-12-19 03:03:00 0.06514 0.06514 0.06514 100 1
2017-12-19 03:05:00 0.064964 0.064964 0.064964 0 2
2017-12-19 03:08:00 0.06473 0.06473 0.06473 0 1
2017-12-19 03:09:00 0.064965 0.064965 0.064965 100 1
2017-12-19 03:12:00 0.06436625 0.064193 0.064539 100 40
2017-12-19 03:19:00 0.06408649999999999 0.063973 0.0642 0 16
2017-12-19 03:22:00 0.063974 0.063945 0.064003 50 20
2017-12-19 03:25:00 0.063898 0.063898 0.063898 0 10
2017-12-19 03:46:00 0.0640565 0.063999 0.064114 0 20
2017-12-19 03:47:00 0.063999 0.063999 0.063999 0 10
2017-12-19 03:50:00 0.063529 0.063367 0.063698 25 36
2017-12-19 03:55:00 0.063401 0.063401 0.063401 0 2
2017-12-19 03:57:00 0.06348333333333334 0.063431 0.063567 0 40
2017-12-19 03:58:00 0.0634 0.0634 0.0634 0 1
2017-12-19 04:14:00 0.06447800000000001 0.064305 0.064651 100 40
2017-12-19 04:40:00 0.064392 0.064276 0.064508 0 30
2017-12-19 05:10:00 0.064084 0.064084 0.064084 100 10
2017-12-19 05:25:00 0.064464 0.064431 0.064497 100 4
2017-12-19 05:33:00 0.064594 0.064594 0.064594 100 7
2017-12-19 05:55:00 0.064491 0.064491 0.064491 100 5
2017-12-19 06:01:00 0.064255 0.064255 0.064255 0 1
2017-12-19 06:08:00 0.064481 0.064481 0.064481 0 10
2017-12-19 06:09:00 0.06444733333333334 0.064394 0.064525 0 17
2017-12-19 06:11:00 0.064749 0.064749 0.064749 100 5
2017-12-19 06:28:00 0.064801 0.064801 0.064801 100 1
2017-12-19 06:58:00 0.06525 0.06525 0.06525 100 1
2017-12-19 07:20:00 0.066153 0.066153 0.066153 100 2
2017-12-19 07:24:00 0.065766 0.065648 0.065884 100 30
2017-12-19 07:51:00 0.065915 0.065915 0.065915 100 2
2017-12-19 07:56:00 0.065923 0.065923 0.065923 100 1
2017-12-19 08:09:00 0.064581 0.064581 0.064581 0 1
2017-12-19 08:39:00 0.065311 0.065311 0.065311 100 1
2017-12-19 08:43:00 0.065363 0.065363 0.065363 100 9
2017-12-19 08:49:00 0.06561 0.06561 0.06561 100 1
2017-12-19 08:57:00 0.065611 0.065611 0.065611 0 1
2017-12-19 08:58:00 0.0656 0.0656 0.0656 100 10
2017-12-19 09:13:00 0.0656 0.0656 0.0656 100 2
2017-12-19 09:14:00 0.0656 0.0656 0.0656 100 9
2017-12-19 09:22:00 0.0656 0.0656 0.0656 100 5
2017-12-19 09:26:00 0.0656 0.0656 0.0656 100 10
2017-12-19 09:31:00 0.0656 0.0656 0.0656 100 10
2017-12-19 09:37:00 0.0656 0.0656 0.0656 100 10
2017-12-19 09:52:00 0.0652105 0.065173 0.065248 0 15
2017-12-19 09:53:00 0.064685 0.064685 0.064685 0 5
2017-12-19 09:56:00 0.064185 0.064185 0.064185 0 1
2017-12-19 10:12:00 0.064186 0.064186 0.064186 0 1
2017-12-19 10:14:00 0.064186 0.064186 0.064186 0 1
2017-12-19 10:15:00 0.06399275 0.063623 0.064186 0 15
2017-12-19 10:28:00 0.063403 0.063403 0.063403 0 1
2017-12-19 10:37:00 0.063607 0.063607 0.063607 100 1
2017-12-19 10:46:00 0.063351 0.063351 0.063351 0 6
2017-12-19 10:47:00 0.06269133333333334 0.061368 0.063428 66 13
2017-12-19 10:48:00 0.06271133333333334 0.062654 0.062767 33 16
2017-12-19 10:49:00 0.062394500000000006 0.062323 0.062466 50 7
2017-12-19 10:50:00 0.062078 0.062078 0.062078 0 1
2017-12-19 11:08:00 0.063066 0.063066 0.063066 100 10
2017-12-19 11:11:00 0.063524 0.063524 0.063524 0 3
2017-12-19 11:19:00 0.06370033333333333 0.0637 0.063701 0 3
2017-12-19 11:20:00 0.063594 0.0635 0.063688 0 2
2017-12-19 11:35:00 0.063907 0.063907 0.063907 100 1
2017-12-19 11:51:00 0.06541 0.06541 0.06541 100 10
2017-12-19 11:54:00 0.0656 0.0656 0.0656 100 20
2017-12-19 11:55:00 0.0656 0.0656 0.0656 100 3
2017-12-19 11:58:00 0.065038 0.065038 0.065038 0 10
2017-12-19 12:18:00 0.065557 0.065557 0.065557 0 2
2017-12-19 12:23:00 0.065551 0.065551 0.065551 100 1
2017-12-19 12:28:00 0.065225 0.065225 0.065225 0 6
2017-12-19 12:34:00 0.06533 0.065322 0.065338 0 2
2017-12-19 12:35:00 0.065259 0.065245 0.065266 0 3
2017-12-19 12:36:00 0.065254 0.065254 0.065254 0 1
2017-12-19 12:37:00 0.065053 0.065053 0.065053 0 1
2017-12-19 12:38:00 0.065193 0.065193 0.065193 0 1
2017-12-19 12:39:00 0.065317 0.065227 0.065407 0 2
2017-12-19 12:43:00 0.06518 0.06518 0.06518 0 2
2017-12-19 12:45:00 0.06530949999999999 0.065253 0.065366 0 2
2017-12-19 12:47:00 0.065419 0.065419 0.065419 0 1
2017-12-19 12:52:00 0.065413 0.065413 0.065413 0 2
2017-12-19 12:55:00 0.065513 0.065443 0.065583 50 2
2017-12-19 13:02:00 0.065449 0.065449 0.065449 0 1
2017-12-19 13:03:00 0.065411 0.065411 0.065411 0 1
2017-12-19 13:08:00 0.06540399999999999 0.0654 0.065408 0 2
2017-12-19 13:09:00 0.065393 0.065393 0.065393 0 1
2017-12-19 13:10:00 0.065495 0.065495 0.065495 0 1
2017-12-19 13:14:00 0.065172 0.065172 0.065172 0 1
2017-12-19 13:15:00 0.065172 0.065172 0.065172 0 1
2017-12-19 13:17:00 0.065172 0.065172 0.065172 0 1
2017-12-19 13:22:00 0.06533485714285714 0.065094 0.065449 14 39
2017-12-19 13:25:00 0.065333 0.065333 0.065333 100 6
2017-12-19 13:33:00 0.06562825 0.065456 0.065796 100 30
2017-12-19 13:39:00 0.065838 0.065838 0.065838 0 10
2017-12-19 13:42:00 0.065837 0.065837 0.065837 0 1
2017-12-19 13:43:00 0.065837 0.065837 0.065837 0 1
2017-12-19 13:47:00 0.065837 0.065837 0.065837 0 1
2017-12-19 13:50:00 0.065837 0.065837 0.065837 0 4
2017-12-19 13:56:00 0.06568 0.06568 0.06568 100 2
2017-12-19 13:59:00 0.066087 0.066047 0.066127 50 11
2017-12-19 14:00:00 0.0661095 0.066091 0.066128 50 10
2017-12-19 14:02:00 0.066178 0.066178 0.066178 50 11
2017-12-19 14:04:00 0.066118 0.066118 0.066118 0 1
2017-12-19 14:07:00 0.06581025 0.065721 0.065959 25 50
2017-12-19 14:13:00 0.065924 0.065924 0.065924 100 7
2017-12-19 14:19:00 0.065511 0.065511 0.065511 0 1
2017-12-19 14:21:00 0.065505 0.065505 0.065505 0 1
2017-12-19 14:22:00 0.065505 0.065505 0.065505 0 1
2017-12-19 14:33:00 0.06534625 0.065214 0.065448 100 28
2017-12-19 14:34:00 0.06542266666666667 0.065301 0.065538 33 18
2017-12-19 14:45:00 0.06531200000000001 0.065233 0.065391 0 2
2017-12-19 14:50:00 0.06481124999999999 0.064633 0.064995 0 25
2017-12-19 15:14:00 0.064428 0.064428 0.064428 0 1
2017-12-19 15:16:00 0.06479133333333333 0.06475 0.06487 100 25
2017-12-19 15:17:00 0.064619 0.064619 0.064619 0 1
2017-12-19 15:25:00 0.064857 0.064857 0.064857 0 1
2017-12-19 16:04:00 0.064912 0.064912 0.064912 0 1
2017-12-19 16:21:00 0.064862 0.064862 0.064862 100 2
2017-12-19 16:28:00 0.065139 0.065139 0.065139 0 1
2017-12-19 16:34:00 0.065201 0.065201 0.065201 0 1
2017-12-19 17:26:00 0.06503 0.06503 0.06503 100 1
2017-12-19 17:29:00 0.064917 0.064917 0.064917 0 4
2017-12-19 17:36:00 0.0646295 0.064629 0.06463 0 20
2017-12-19 17:54:00 0.064631 0.064631 0.064631 0 1
2017-12-19 18:14:00 0.064794 0.064794 0.064794 0 1
2017-12-19 18:17:00 0.064698 0.064698 0.064698 0 20
2017-12-19 18:18:00 0.064814 0.064814 0.064814 0 1
2017-12-19 18:21:00 0.064814 0.064814 0.064814 0 1
2017-12-19 18:26:00 0.064814 0.064814 0.064814 0 1
2017-12-19 18:29:00 0.064913 0.064913 0.064913 100 1
2017-12-19 18:31:00 0.064807 0.064807 0.064807 0 1
2017-12-19 18:32:00 0.06463 0.06463 0.06463 0 1
2017-12-19 18:34:00 0.06351233333333334 0.063315 0.063616 0 12
2017-12-19 18:37:00 0.06392 0.06392 0.06392 100 4
2017-12-19 18:40:00 0.063908 0.063875 0.063926 100 14
2017-12-19 18:47:00 0.063803 0.063803 0.063803 0 4
2017-12-19 19:24:00 0.064505 0.064505 0.064505 0 1
2017-12-19 19:27:00 0.064545 0.064545 0.064545 0 1
2017-12-19 19:43:00 0.064462 0.064462 0.064462 100 10
2017-12-19 19:54:00 0.064975 0.0649 0.06505 50 2
2017-12-20 00:29:00 0.068866 0.068866 0.068866 100 2
2017-12-20 00:32:00 0.069112 0.069112 0.069112 100 2
2017-12-20 00:33:00 0.06886333333333333 0.068739 0.068988 0 27
2017-12-20 00:37:00 0.0662615 0.065973 0.06655 0 4
2017-12-20 00:39:00 0.06774 0.06774 0.06774 0 1
2017-12-20 00:56:00 0.069599 0.069599 0.069599 100 1
2017-12-20 01:00:00 0.069021 0.069021 0.069021 0 1
2017-12-20 01:04:00 0.069021 0.069021 0.069021 0 1
2017-12-20 01:07:00 0.067824 0.067824 0.067824 0 1
2017-12-20 01:09:00 0.068305 0.068305 0.068305 100 1
2017-12-20 01:12:00 0.068835 0.068835 0.068835 0 1
2017-12-20 01:15:00 0.069123 0.069123 0.069123 100 2
2017-12-20 01:31:00 0.0696 0.0696 0.0696 100 1
2017-12-20 01:36:00 0.0696 0.0696 0.0696 100 4
2017-12-20 01:37:00 0.069663 0.069663 0.069663 100 3
2017-12-20 01:42:00 0.06983 0.06983 0.06983 100 1
2017-12-20 01:43:00 0.0699 0.0699 0.0699 100 10
2017-12-20 01:44:00 0.07017166666666667 0.070032 0.070369 33 10
2017-12-20 01:48:00 0.07063 0.07063 0.07063 100 1
2017-12-20 01:49:00 0.07042 0.07042 0.07042 0 1
2017-12-20 01:54:00 0.071102 0.07063 0.071402 100 15
2017-12-20 02:05:00 0.071673 0.071673 0.071673 0 1
2017-12-20 02:06:00 0.071829 0.071829 0.071829 100 2
2017-12-20 02:10:00 0.071402 0.071402 0.071402 0 1
2017-12-20 02:13:00 0.071402 0.071402 0.071402 0 2
2017-12-20 02:14:00 0.070671 0.070671 0.070671 0 1
2017-12-20 02:15:00 0.071255 0.071255 0.071255 0 3
2017-12-20 02:20:00 0.07042 0.07042 0.07042 0 1
2017-12-20 02:25:00 0.071909 0.07183 0.071988 100 10
2017-12-20 02:39:00 0.071277 0.071191 0.07132 0 12
2017-12-20 02:56:00 0.071019 0.071019 0.071019 0 4
2017-12-20 02:58:00 0.07086300000000001 0.070777 0.070949 0 5
2017-12-20 03:02:00 0.071148 0.071148 0.071148 100 5
2017-12-20 03:19:00 0.071215 0.071215 0.071215 100 2
2017-12-20 03:20:00 0.071234 0.071234 0.071234 100 1
2017-12-20 03:36:00 0.07147533333333334 0.071276 0.071631 100 12
2017-12-20 03:37:00 0.071792 0.071792 0.071792 100 10
2017-12-20 03:39:00 0.07185 0.07185 0.07185 100 8
2017-12-20 03:49:00 0.07199 0.07199 0.07199 100 5
2017-12-20 03:50:00 0.072 0.072 0.072 100 1
2017-12-20 03:51:00 0.0722045 0.071879 0.07253 100 2
2017-12-20 03:53:00 0.07331225 0.073 0.073627 75 23
2017-12-20 03:55:00 0.07367775 0.073627 0.07383 100 8
2017-12-20 03:56:00 0.07428414285714287 0.07383 0.074782 71 26
2017-12-20 03:57:00 0.07493685714285715 0.074716 0.075187 71 22
2017-12-20 03:59:00 0.0752235 0.075147 0.0753 50 3
2017-12-20 04:00:00 0.075321 0.0753 0.075342 100 2
2017-12-20 04:01:00 0.075633 0.075633 0.075633 0 5
2017-12-20 04:02:00 0.075634 0.075634 0.075634 0 8
2017-12-20 04:03:00 0.076609 0.07609 0.076902 100 112
2017-12-20 04:08:00 0.077303 0.077303 0.077303 100 10
2017-12-20 04:09:00 0.07764299999999999 0.077099 0.077963 100 59
2017-12-20 04:10:00 0.07850055555555556 0.077789 0.0794 55 44
2017-12-20 04:11:00 0.07755 0.077453 0.077673 60 40
2017-12-20 04:12:00 0.07760833333333333 0.07757 0.077656 0 30
2017-12-20 04:13:00 0.077749 0.077749 0.077749 100 8
2017-12-20 04:21:00 0.07436100000000001 0.074243 0.074479 50 6
2017-12-20 04:22:00 0.07416400000000001 0.074097 0.074231 0 12
2017-12-20 04:38:00 0.075344 0.075344 0.075344 0 1
2017-12-20 05:04:00 0.076469 0.076469 0.076469 0 1
2017-12-20 05:10:00 0.077229 0.077105 0.077353 100 2
2017-12-20 05:11:00 0.078061 0.078061 0.078061 100 1
2017-12-20 05:12:00 0.078189 0.078189 0.078189 100 1
2017-12-20 05:16:00 0.077845 0.077845 0.077845 100 3
2017-12-20 05:23:00 0.078429 0.078429 0.078429 100 8
2017-12-20 05:24:00 0.078445 0.078445 0.078445 100 6
2017-12-20 05:28:00 0.07834 0.07834 0.07834 0 1
2017-12-20 05:32:00 0.078213 0.078213 0.078213 0 2
2017-12-20 05:36:00 0.078533 0.078533 0.078533 100 1
2017-12-20 05:39:00 0.078559 0.078559 0.078559 100 6
2017-12-20 05:54:00 0.079 0.079 0.079 100 1
2017-12-20 05:56:00 0.0793 0.0793 0.0793 100 1
2017-12-20 06:01:00 0.0789885 0.078917 0.07906 0 15
2017-12-20 06:10:00 0.078414 0.078414 0.078414 0 1
2017-12-20 06:12:00 0.0784895 0.078419 0.07856 100 14
2017-12-20 06:18:00 0.078 0.078 0.078 0 1
2017-12-20 06:19:00 0.077814 0.077814 0.077814 0 4
2017-12-20 06:20:00 0.077886 0.077886 0.077886 0 1
2017-12-20 06:22:00 0.077663 0.077663 0.077663 100 8
2017-12-20 06:54:00 0.077378 0.077378 0.077378 0 2
2017-12-20 07:00:00 0.077089 0.077089 0.077089 0 1
2017-12-20 07:06:00 0.076563 0.076563 0.076563 0 1
2017-12-20 07:07:00 0.076295 0.076295 0.076295 100 1
2017-12-20 07:10:00 0.076986 0.076986 0.076986 0 2
2017-12-20 07:18:00 0.077315 0.077315 0.077315 0 2
2017-12-20 07:21:00 0.076678 0.076678 0.076678 0 2
2017-12-20 07:24:00 0.076559 0.076559 0.076559 0 2
2017-12-20 07:26:00 0.075972 0.075972 0.075972 0 1
2017-12-20 07:28:00 0.075351 0.075076 0.075626 0 10
2017-12-20 07:29:00 0.075073 0.075027 0.075096 0 11
2017-12-20 07:33:00 0.074896 0.074896 0.074896 0 2
2017-12-20 07:45:00 0.07535 0.07535 0.07535 100 1
2017-12-20 07:51:00 0.075876 0.075876 0.075876 100 10
2017-12-20 07:52:00 0.075385 0.075385 0.075385 0 1
2017-12-20 08:05:00 0.075368 0.075368 0.075368 0 1
2017-12-20 08:16:00 0.074896 0.074895 0.074897 0 5
2017-12-20 08:17:00 0.073573 0.073573 0.073573 0 10
2017-12-20 08:18:00 0.07353025 0.07339 0.07395 25 13
2017-12-20 08:45:00 0.073416 0.073416 0.073416 0 2
2017-12-20 08:54:00 0.0740545 0.073988 0.074121 100 20
2017-12-20 09:03:00 0.073408 0.073408 0.073408 0 1
2017-12-20 09:08:00 0.0739735 0.073907 0.07404 100 13
2017-12-20 09:15:00 0.07435 0.07435 0.07435 100 1
2017-12-20 09:16:00 0.074597 0.074597 0.074597 100 1
2017-12-20 09:24:00 0.075287 0.075287 0.075287 100 1
2017-12-20 09:35:00 0.0759 0.0759 0.0759 0 5
2017-12-20 09:36:00 0.075827 0.075827 0.075827 0 2
2017-12-20 09:37:00 0.075701 0.075701 0.075701 100 10
2017-12-20 09:38:00 0.075318 0.075318 0.075318 0 1
2017-12-20 09:42:00 0.07594933333333333 0.075884 0.075986 100 3
2017-12-20 09:54:00 0.0758 0.0758 0.0758 100 5
2017-12-20 09:55:00 0.075915 0.0759 0.07593 100 6
2017-12-20 09:57:00 0.07574 0.07574 0.07574 0 2
2017-12-20 10:18:00 0.07574 0.07574 0.07574 0 10
2017-12-20 10:36:00 0.07346 0.07346 0.07346 0 2
2017-12-20 10:40:00 0.073446 0.073446 0.073446 0 5
2017-12-20 10:46:00 0.073544 0.073544 0.073544 0 1
2017-12-20 11:10:00 0.074353 0.074353 0.074353 100 1
2017-12-20 11:16:00 0.074652 0.074652 0.074652 100 1
2017-12-20 11:24:00 0.074985 0.074985 0.074985 100 1
2017-12-20 11:37:00 0.074505 0.074505 0.074505 100 1
2017-12-20 11:53:00 0.074779 0.074779 0.074779 0 1
2017-12-20 11:54:00 0.074906 0.074906 0.074906 100 5
2017-12-20 12:01:00 0.07548 0.07548 0.07548 100 7
2017-12-20 12:08:00 0.076081 0.076081 0.076081 100 1
2017-12-20 12:14:00 0.0762 0.0762 0.0762 100 1
2017-12-20 12:21:00 0.076972 0.076972 0.076972 100 2
2017-12-20 12:23:00 0.077303 0.077303 0.077303 100 1
2017-12-20 12:24:00 0.078294 0.078294 0.078294 100 1
2017-12-20 12:27:00 0.07935233333333334 0.079351 0.079353 100 4
2017-12-20 12:28:00 0.079211 0.079211 0.079211 0 1
2017-12-20 12:29:00 0.07948933333333333 0.079401 0.079568 100 21
2017-12-20 12:30:00 0.0796625 0.0796 0.079725 100 20
2017-12-20 12:31:00 0.079738 0.079738 0.079738 0 10
2017-12-20 12:33:00 0.0800865 0.0799 0.080293 100 31
2017-12-20 12:36:00 0.07992533333333333 0.079781 0.08007 0 30
2017-12-20 12:38:00 0.080191 0.080191 0.080191 100 50
2017-12-20 12:41:00 0.08035628571428573 0.080191 0.0805 85 105
2017-12-20 12:42:00 0.0805 0.0805 0.0805 100 43
2017-12-20 12:43:00 0.08070058333333334 0.0805 0.080998 83 57
2017-12-20 12:44:00 0.08130966666666666 0.080898 0.081861 66 65
2017-12-20 12:45:00 0.08198849999999999 0.081926 0.082 87 39
2017-12-20 12:46:00 0.08307300000000001 0.0825 0.083292 100 31
2017-12-20 12:47:00 0.08344716666666667 0.083393 0.083533 83 32
2017-12-20 12:48:00 0.08394475000000001 0.083804 0.084 50 25
2017-12-20 12:49:00 0.08490450000000001 0.084594 0.085067 83 25
2017-12-20 12:50:00 0.0861602857142857 0.085769 0.087 71 64
2017-12-20 12:51:00 0.0869292 0.086874 0.087 60 33
2017-12-20 12:52:00 0.08506290000000001 0.08183 0.086954 0 45
2017-12-20 12:53:00 0.082957 0.082957 0.082957 0 1
2017-12-20 12:54:00 0.08239450000000001 0.081832 0.082957 0 2
2017-12-20 12:55:00 0.08161 0.08161 0.08161 0 1
2017-12-20 12:57:00 0.08161 0.08161 0.08161 0 1
2017-12-20 12:59:00 0.084547 0.084547 0.084547 100 1
2017-12-20 13:01:00 0.080382 0.080381 0.080383 0 12
2017-12-20 13:03:00 0.0807105 0.080421 0.081 50 3
2017-12-20 13:05:00 0.083799 0.083799 0.083799 100 1
2017-12-20 13:06:00 0.083799 0.083799 0.083799 100 1
2017-12-20 13:08:00 0.08379957142857142 0.083799 0.0838 100 15
2017-12-20 13:09:00 0.084 0.084 0.084 100 10
2017-12-20 13:11:00 0.084549 0.084549 0.084549 100 2
2017-12-20 13:12:00 0.0847745 0.084549 0.085 100 25
2017-12-20 13:15:00 0.08499966666666668 0.084999 0.085 100 12
2017-12-20 13:16:00 0.0837505 0.083701 0.0838 100 2
2017-12-20 13:20:00 0.085 0.085 0.085 100 2
2017-12-20 13:23:00 0.0819 0.0819 0.0819 0 1
2017-12-20 13:38:00 0.084095 0.084095 0.084095 100 11
2017-12-20 13:41:00 0.0833 0.0833 0.0833 100 1
2017-12-20 13:42:00 0.0840882 0.084088 0.084089 100 12
2017-12-20 13:44:00 0.084088 0.084088 0.084088 100 3
2017-12-20 13:47:00 0.081002 0.081002 0.081002 0 10
2017-12-20 13:52:00 0.08399733333333333 0.083997 0.083998 100 10
2017-12-20 13:56:00 0.083998 0.083996 0.084 100 10
2017-12-20 14:01:00 0.082821 0.082821 0.082821 100 2
2017-12-20 14:02:00 0.081864 0.081864 0.081864 100 2
2017-12-20 14:03:00 0.081864 0.081864 0.081864 100 6
2017-12-20 14:04:00 0.08234250000000001 0.081864 0.082821 100 5
2017-12-20 14:06:00 0.083266 0.083266 0.083266 100 5
2017-12-20 14:09:00 0.08451233333333334 0.083266 0.085966 100 20
2017-12-20 14:18:00 0.0850005 0.085 0.085001 0 18
2017-12-20 14:25:00 0.0849995 0.084999 0.085 100 9
2017-12-20 14:27:00 0.085 0.085 0.085 100 10
2017-12-20 14:36:00 0.084037 0.084037 0.084037 0 5
2017-12-20 14:38:00 0.084037 0.084037 0.084037 0 1
2017-12-20 14:39:00 0.085978 0.085978 0.085978 100 5
2017-12-20 14:50:00 0.0856 0.0856 0.0856 100 3
2017-12-20 14:51:00 0.08606833333333332 0.08599 0.086215 100 7
2017-12-20 14:53:00 0.086215 0.086215 0.086215 100 12
2017-12-20 14:56:00 0.0868 0.0868 0.0868 100 1
2017-12-20 15:01:00 0.085425 0.085425 0.085425 0 1
2017-12-20 15:03:00 0.085425 0.085425 0.085425 0 1
2017-12-20 15:04:00 0.085719 0.085718 0.08572 0 5
2017-12-20 15:08:00 0.085719 0.085719 0.085719 0 2
2017-12-20 15:12:00 0.085719 0.085719 0.085719 0 1
2017-12-20 15:22:00 0.087079 0.087079 0.087079 0 1
2017-12-20 15:28:00 0.08717640000000001 0.086 0.087702 100 10
2017-12-20 15:39:00 0.086703 0.085726 0.08768 50 2
2017-12-20 15:40:00 0.087613 0.087613 0.087613 100 1
2017-12-20 15:46:00 0.085726 0.085726 0.085726 0 1
2017-12-20 15:48:00 0.086713 0.086713 0.086713 0 2
2017-12-20 15:58:00 0.086714 0.086714 0.086714 0 1
2017-12-20 15:59:00 0.08677599999999999 0.086713 0.086839 50 2
2017-12-20 16:02:00 0.086438 0.086163 0.086713 0 10
2017-12-20 16:05:00 0.085856 0.085856 0.085856 100 1
2017-12-20 16:10:00 0.085754 0.085754 0.085754 0 2
2017-12-20 16:13:00 0.085725 0.085725 0.085725 0 1
2017-12-20 16:15:00 0.085001 0.085001 0.085001 0 3
2017-12-20 16:23:00 0.085001 0.085001 0.085001 0 1
2017-12-20 16:25:00 0.085 0.085 0.085 0 2
2017-12-20 16:26:00 0.085419 0.085419 0.085419 100 2
2017-12-20 16:27:00 0.085419 0.085419 0.085419 100 1
2017-12-20 16:28:00 0.085419 0.085419 0.085419 100 17
2017-12-20 16:31:00 0.08701 0.08701 0.08701 0 10
2017-12-20 16:34:00 0.086341 0.086341 0.086341 0 1
2017-12-20 16:35:00 0.08634 0.08634 0.08634 0 1
