2017-12-18 16:46:00 0.039975 0.03995 0.04 100 10
2017-12-18 16:47:00 0.04002 0.04 0.04006 100 10
2017-12-18 16:49:00 0.0400825 0.04006 0.04009 100 9
2017-12-18 16:50:00 0.040163333333333336 0.0401 0.0402 100 9
2017-12-18 16:51:00 0.04007 0.04007 0.04007 0 4
2017-12-18 16:52:00 0.04007 0.04007 0.04007 100 1
2017-12-18 16:54:00 0.04005 0.04005 0.04005 0 1
2017-12-18 16:57:00 0.04021 0.04021 0.04021 100 1
2017-12-18 16:58:00 0.0402 0.04019 0.04021 50 6
2017-12-18 17:03:00 0.04022 0.04022 0.04022 100 7
2017-12-18 17:04:00 0.04023 0.04023 0.04023 100 1
2017-12-18 17:05:00 0.0403 0.0403 0.0403 0 3
2017-12-18 17:06:00 0.0403 0.0403 0.0403 100 3
2017-12-18 17:07:00 0.04031 0.04031 0.04031 0 68
2017-12-18 17:09:00 0.04032 0.04031 0.04033 66 33
2017-12-18 17:10:00 0.040325454545454546 0.04022 0.04038 54 123
2017-12-18 17:11:00 0.040205000000000005 0.0402 0.04021 0 10
2017-12-18 17:14:00 0.0402 0.0402 0.0402 0 5
2017-12-18 17:15:00 0.0402 0.0402 0.0402 0 3
2017-12-18 17:18:00 0.04035 0.04031 0.04038 100 94
2017-12-18 17:19:00 0.04039 0.04039 0.04039 100 2
2017-12-18 17:20:00 0.0404025 0.04039 0.04042 100 42
2017-12-18 17:21:00 0.040445 0.04037 0.04052 50 3
2017-12-18 17:23:00 0.04021 0.04021 0.04021 0 3
2017-12-18 17:26:00 0.04021 0.04021 0.04021 0 38
2017-12-18 17:29:00 0.040205000000000005 0.0402 0.04021 0 5
2017-12-18 17:32:00 0.0402 0.0402 0.0402 0 3
2017-12-18 17:33:00 0.04013166666666667 0.04006 0.0402 0 9
2017-12-18 17:37:00 0.0401 0.0401 0.0401 0 1
2017-12-18 17:42:00 0.04029 0.04028 0.0403 100 10
2017-12-18 17:48:00 0.04029 0.04029 0.04029 100 1
2017-12-18 17:54:00 0.040316 0.04029 0.04035 100 40
2017-12-18 17:55:00 0.04035 0.04035 0.04035 100 1
2017-12-18 17:56:00 0.04033 0.04033 0.04033 100 3
2017-12-18 17:57:00 0.04032 0.04032 0.04032 100 3
2017-12-18 17:58:00 0.04029 0.04029 0.04029 0 40
2017-12-18 18:00:00 0.04011 0.04011 0.04011 0 1
2017-12-18 18:01:00 0.040194999999999995 0.04019 0.0402 50 9
2017-12-18 18:03:00 0.040119999999999996 0.04011 0.04013 0 12
2017-12-18 18:04:00 0.04019 0.04019 0.04019 100 1
2017-12-18 18:05:00 0.040228 0.04018 0.0403 60 45
2017-12-18 18:09:00 0.04029 0.04029 0.04029 100 1
2017-12-18 18:11:00 0.040319999999999995 0.04031 0.04033 100 8
2017-12-18 18:12:00 0.04033 0.04033 0.04033 100 20
2017-12-18 18:13:00 0.040479999999999995 0.04033 0.04062 100 57
2017-12-18 18:14:00 0.040635000000000004 0.04063 0.04064 100 2
2017-12-18 18:17:00 0.04064 0.04064 0.04064 100 5
2017-12-18 18:21:00 0.040624999999999994 0.04058 0.04067 50 2
2017-12-18 18:22:00 0.04068 0.04068 0.04068 0 1
2017-12-18 18:24:00 0.040685 0.04068 0.04069 100 2
2017-12-18 18:25:00 0.040818181818181816 0.04073 0.04091 100 65
2017-12-18 18:26:00 0.04091 0.04091 0.04091 100 15
2017-12-18 18:27:00 0.0409 0.0409 0.0409 100 1
2017-12-18 18:28:00 0.04086 0.04086 0.04086 100 1
2017-12-18 18:29:00 0.0409125 0.04087 0.04094 100 6
2017-12-18 18:30:00 0.040985 0.04098 0.04099 50 2
2017-12-18 18:31:00 0.04115785714285714 0.04098 0.04136 100 182
2017-12-18 18:32:00 0.041299999999999996 0.04127 0.04135 100 15
2017-12-18 18:33:00 0.04132 0.04132 0.04132 100 1
2017-12-18 18:36:00 0.04090583333333333 0.04088 0.04092 0 44
2017-12-18 18:37:00 0.04121 0.04118 0.04124 100 14
2017-12-18 18:38:00 0.0411625 0.04114 0.0412 0 9
2017-12-18 18:39:00 0.04125 0.04125 0.04125 100 5
2017-12-18 18:40:00 0.041254 0.04118 0.04135 40 26
2017-12-18 18:41:00 0.04135 0.04135 0.04135 100 7
2017-12-18 18:42:00 0.041668235294117645 0.04135 0.042 76 122
2017-12-18 18:43:00 0.04175533333333333 0.04157 0.04205 40 63
2017-12-18 18:44:00 0.041762222222222214 0.04156 0.04191 55 54
2017-12-18 18:45:00 0.042016666666666674 0.04165 0.04224 77 56
2017-12-18 18:46:00 0.042122222222222235 0.04171 0.04222 5 56
2017-12-18 18:47:00 0.04207928571428571 0.0419 0.04222 42 31
2017-12-18 18:48:00 0.0419640909090909 0.0419 0.04222 4 79
2017-12-18 18:49:00 0.04229277777777777 0.04182 0.04274 94 116
2017-12-18 18:50:00 0.04209800000000001 0.04198 0.04218 60 20
2017-12-18 18:51:00 0.04175636363636363 0.04164 0.042 9 75
2017-12-18 18:52:00 0.041644545454545455 0.04162 0.04169 0 24
2017-12-18 18:53:00 0.042092727272727275 0.04181 0.04244 63 44
2017-12-18 18:55:00 0.04205642857142857 0.04191 0.04225 57 116
2017-12-18 18:56:00 0.04197 0.04191 0.04205 0 16
2017-12-18 18:57:00 0.041862857142857146 0.04165 0.0421 28 17
2017-12-18 18:58:00 0.04165 0.04165 0.04165 0 1
2017-12-18 18:59:00 0.04162 0.04162 0.04162 0 1
2017-12-18 19:00:00 0.04196 0.04196 0.04196 100 5
2017-12-18 19:01:00 0.04176538461538461 0.04139 0.042 46 39
2017-12-18 19:02:00 0.041785 0.04162 0.04195 50 37
2017-12-18 19:03:00 0.041687999999999996 0.04165 0.04179 0 55
2017-12-18 19:04:00 0.041979999999999996 0.04193 0.042 77 44
2017-12-18 19:05:00 0.04198249999999999 0.04195 0.042 75 36
2017-12-18 19:06:00 0.04195272727272726 0.04195 0.04198 9 30
2017-12-18 19:07:00 0.041850588235294126 0.04176 0.04195 0 42
2017-12-18 19:08:00 0.04168 0.04168 0.04168 0 9
2017-12-18 19:09:00 0.041886 0.04183 0.04199 100 35
2017-12-18 19:10:00 0.04210416666666667 0.04199 0.04234 58 73
2017-12-18 19:11:00 0.04236818181818181 0.0422 0.04255 100 106
2017-12-18 19:12:00 0.042219999999999994 0.04221 0.04224 42 33
2017-12-18 19:13:00 0.042389230769230776 0.04221 0.04259 76 207
2017-12-18 19:14:00 0.04227285714285715 0.04227 0.04228 0 54
2017-12-18 19:15:00 0.042292 0.04227 0.04238 0 24
2017-12-18 19:16:00 0.04226 0.04226 0.04226 0 6
2017-12-18 19:17:00 0.04186 0.04186 0.04186 0 12
2017-12-18 19:18:00 0.042005 0.042 0.04201 50 4
2017-12-18 19:19:00 0.042008000000000004 0.042 0.04201 80 40
2017-12-18 19:21:00 0.04165833333333334 0.04148 0.04203 8 125
2017-12-18 19:22:00 0.041979999999999996 0.04198 0.04198 66 17
2017-12-18 19:23:00 0.04197 0.04197 0.04197 100 1
2017-12-18 19:24:00 0.04179666666666667 0.04171 0.04196 33 7
2017-12-18 19:25:00 0.04198333333333334 0.04196 0.042 100 24
2017-12-18 19:27:00 0.04191 0.04191 0.04191 100 5
2017-12-18 19:33:00 0.041763333333333326 0.04176 0.04177 0 100
2017-12-18 19:35:00 0.04178 0.04178 0.04178 0 1
2017-12-18 19:36:00 0.04187 0.04187 0.04187 100 1
2017-12-18 19:40:00 0.04157124999999999 0.04135 0.04181 0 214
2017-12-18 19:41:00 0.041484 0.04144 0.04155 40 17
2017-12-18 19:42:00 0.041596666666666664 0.04156 0.04162 100 21
2017-12-18 19:45:00 0.04157 0.04157 0.04157 0 5
2017-12-18 19:47:00 0.04159 0.04159 0.04159 100 45
2017-12-18 19:49:00 0.04151727272727273 0.0414 0.04159 0 110
2017-12-18 19:50:00 0.04135857142857143 0.04127 0.04141 28 110
2017-12-18 19:51:00 0.04141 0.04141 0.04141 100 3
2017-12-18 19:56:00 0.041405 0.0414 0.04141 100 2
2017-12-18 20:00:00 0.0414 0.0414 0.0414 100 15
2017-12-18 20:01:00 0.0414 0.0414 0.0414 100 4
2017-12-18 20:05:00 0.04142454545454546 0.04135 0.04153 90 101
2017-12-18 20:06:00 0.04161 0.04157 0.04163 100 14
2017-12-18 20:07:00 0.041713999999999994 0.04163 0.04189 100 61
2017-12-18 20:08:00 0.04192375 0.04192 0.04194 75 36
2017-12-18 20:09:00 0.04227250000000001 0.04201 0.0426 68 129
2017-12-18 20:10:00 0.04250090909090909 0.04229 0.0426 81 123
2017-12-18 20:11:00 0.042537000000000005 0.0424 0.0426 70 27
2017-12-18 20:12:00 0.04245500000000001 0.04238 0.04261 25 32
2017-12-18 20:13:00 0.042748999999999995 0.04262 0.04289 100 20
2017-12-18 20:14:00 0.04296699999999999 0.04285 0.043 90 153
2017-12-18 20:15:00 0.043160800000000006 0.043 0.04333 56 276
2017-12-18 20:16:00 0.042942307692307696 0.04264 0.0431 69 313
2017-12-18 20:18:00 0.04319611111111111 0.04299 0.04349 77 105
2017-12-18 20:19:00 0.0433225 0.04326 0.04349 100 29
2017-12-18 20:20:00 0.04315 0.04309 0.04326 100 101
2017-12-18 20:21:00 0.043205 0.04309 0.04332 100 4
2017-12-18 20:22:00 0.042707499999999995 0.04267 0.04273 0 22
2017-12-18 20:23:00 0.042602307692307696 0.04249 0.04273 7 235
2017-12-18 20:24:00 0.043089999999999996 0.04305 0.04316 100 41
2017-12-18 20:25:00 0.043146250000000004 0.04308 0.04328 75 42
2017-12-18 20:26:00 0.04309 0.04309 0.04309 0 60
2017-12-18 20:27:00 0.043154 0.04308 0.04326 80 23
2017-12-18 20:28:00 0.042797499999999995 0.04253 0.04307 0 213
2017-12-18 20:29:00 0.042923333333333334 0.0426 0.04319 66 209
2017-12-18 20:30:00 0.04263 0.04263 0.04263 0 1
2017-12-18 20:31:00 0.04262375 0.0425 0.04271 0 61
2017-12-18 20:32:00 0.04254 0.04254 0.04254 0 36
2017-12-18 20:33:00 0.042515 0.0425 0.04254 50 27
2017-12-18 20:34:00 0.042504 0.0425 0.04251 40 19
2017-12-18 20:35:00 0.042506666666666665 0.0425 0.04251 66 21
2017-12-18 20:36:00 0.0425 0.0425 0.0425 0 23
2017-12-18 20:37:00 0.04251 0.04251 0.04251 100 32
2017-12-18 20:38:00 0.042635714285714284 0.0425 0.04317 85 66
2017-12-18 20:39:00 0.04262428571428572 0.04261 0.04271 85 29
2017-12-18 20:40:00 0.0428275 0.04274 0.04288 100 40
2017-12-18 20:41:00 0.04264333333333333 0.0426 0.04272 0 11
2017-12-18 20:42:00 0.042607500000000006 0.0426 0.04261 75 35
2017-12-18 20:43:00 0.04257 0.04253 0.0426 33 14
2017-12-18 20:44:00 0.04253 0.04253 0.04253 0 4
2017-12-18 20:45:00 0.042741249999999995 0.04255 0.04288 87 132
2017-12-18 20:46:00 0.0426 0.0426 0.0426 0 1
2017-12-18 20:47:00 0.042554 0.0425 0.04261 0 33
2017-12-18 20:49:00 0.04261 0.04261 0.04261 100 1
2017-12-18 20:50:00 0.04261 0.04261 0.04261 100 1
2017-12-18 20:51:00 0.042575 0.0425 0.0426 0 41
2017-12-18 20:53:00 0.04265 0.04265 0.04265 100 3
2017-12-18 20:55:00 0.04251 0.04251 0.04251 0 1
2017-12-18 20:57:00 0.04261 0.04261 0.04261 100 3
2017-12-18 20:58:00 0.042442 0.04241 0.0425 20 45
2017-12-18 20:59:00 0.04241 0.0424 0.04242 25 25
2017-12-18 21:00:00 0.04227583333333334 0.042 0.04241 0 42
2017-12-18 21:04:00 0.04202 0.04202 0.04202 100 5
2017-12-18 21:05:00 0.04202 0.04202 0.04202 100 11
2017-12-18 21:07:00 0.04201 0.042 0.04202 33 98
2017-12-18 21:08:00 0.042 0.042 0.042 0 24
2017-12-18 21:09:00 0.04197 0.04197 0.04197 100 1
2017-12-18 21:10:00 0.04203 0.04203 0.04203 100 2
2017-12-18 21:11:00 0.041800000000000004 0.04178 0.04182 0 60
2017-12-18 21:14:00 0.04225 0.04225 0.04225 100 1
2017-12-18 21:15:00 0.042205000000000006 0.04209 0.04225 75 22
2017-12-18 21:16:00 0.041844000000000006 0.04183 0.04186 40 59
2017-12-18 21:17:00 0.041805999999999996 0.04176 0.04188 20 10
2017-12-18 21:18:00 0.04187599999999999 0.04185 0.04189 100 111
2017-12-18 21:19:00 0.04196 0.04196 0.04196 100 3
2017-12-18 21:21:00 0.04202 0.04196 0.04208 100 2
2017-12-18 21:22:00 0.04215 0.04215 0.04215 100 8
2017-12-18 21:24:00 0.04227285714285713 0.04218 0.04234 100 74
2017-12-18 21:26:00 0.042362 0.04225 0.04246 80 48
2017-12-18 21:27:00 0.042429999999999995 0.0424 0.0425 50 35
2017-12-18 21:28:00 0.0426 0.04254 0.04262 75 50
2017-12-18 21:29:00 0.042562 0.04248 0.04264 60 24
2017-12-18 21:30:00 0.042612857142857154 0.04256 0.04271 71 42
2017-12-18 21:31:00 0.04269333333333333 0.04261 0.04274 100 30
2017-12-18 21:32:00 0.04267 0.0426 0.04273 75 11
2017-12-18 21:33:00 0.04257 0.04257 0.04257 0 4
2017-12-18 21:34:00 0.042621428571428574 0.04259 0.04269 71 68
2017-12-18 21:35:00 0.0426 0.0426 0.0426 0 1
2017-12-18 21:36:00 0.04265 0.04265 0.04265 100 20
2017-12-18 21:39:00 0.0427 0.0427 0.0427 0 2
2017-12-18 21:40:00 0.042752500000000006 0.04275 0.04276 25 4
2017-12-18 21:41:00 0.04275 0.04275 0.04275 0 1
2017-12-18 21:43:00 0.0427725 0.04277 0.04278 75 42
2017-12-18 21:44:00 0.042749999999999996 0.04273 0.04278 20 11
2017-12-18 21:45:00 0.04278 0.04278 0.04278 100 1
2017-12-18 21:46:00 0.04278 0.04278 0.04278 100 5
2017-12-18 21:47:00 0.0428 0.0428 0.0428 100 20
2017-12-18 21:49:00 0.04286 0.04286 0.04286 100 10
2017-12-18 21:50:00 0.04286 0.04286 0.04286 100 5
2017-12-18 21:51:00 0.04287125 0.04286 0.04288 87 65
2017-12-18 21:52:00 0.0429 0.0429 0.0429 100 10
2017-12-18 21:53:00 0.04307 0.04307 0.04307 100 12
2017-12-18 21:54:00 0.04307 0.04307 0.04307 100 8
2017-12-18 21:55:00 0.043061249999999995 0.04304 0.04307 75 71
2017-12-18 21:56:00 0.043178 0.04304 0.04331 60 125
2017-12-18 22:01:00 0.04329333333333333 0.04327 0.04331 50 27
2017-12-18 22:02:00 0.043340000000000004 0.04332 0.04336 60 33
2017-12-18 22:04:00 0.04329666666666667 0.04327 0.04334 33 89
2017-12-18 22:05:00 0.04334600000000001 0.0433 0.04336 80 38
2017-12-18 22:06:00 0.04319666666666667 0.04315 0.04322 0 51
2017-12-18 22:07:00 0.0431 0.04303 0.04322 16 34
2017-12-18 22:08:00 0.04284916666666667 0.0427 0.04304 25 65
2017-12-18 22:09:00 0.0427 0.04258 0.0428 20 34
2017-12-18 22:10:00 0.0426625 0.04264 0.04269 25 18
2017-12-18 22:11:00 0.042891111111111116 0.04272 0.04299 88 27
2017-12-18 22:12:00 0.04297499999999999 0.04284 0.04301 83 21
2017-12-18 22:16:00 0.04294 0.04288 0.043 50 5
2017-12-18 22:17:00 0.04306666666666667 0.04302 0.0431 100 10
2017-12-18 22:18:00 0.0430575 0.043 0.0431 75 14
2017-12-18 22:19:00 0.042888 0.04285 0.043 0 100
2017-12-18 22:22:00 0.043077500000000005 0.04304 0.04314 100 10
2017-12-18 22:23:00 0.04316 0.04316 0.04316 100 1
2017-12-18 22:24:00 0.04312 0.04305 0.04321 50 13
2017-12-18 22:25:00 0.043125 0.04305 0.0432 50 21
2017-12-18 22:26:00 0.043054999999999996 0.04305 0.04306 100 10
2017-12-18 22:27:00 0.04303333333333333 0.04289 0.04311 66 4
2017-12-18 22:28:00 0.04313 0.04313 0.04313 100 20
2017-12-18 22:29:00 0.04314 0.04305 0.04322 62 80
2017-12-18 22:31:00 0.04307 0.04307 0.04307 100 3
2017-12-18 22:33:00 0.04307 0.04307 0.04307 100 42
2017-12-18 22:34:00 0.043265 0.04326 0.04327 100 19
2017-12-18 22:35:00 0.04327 0.04327 0.04327 100 1
2017-12-18 22:36:00 0.0432525 0.04321 0.04327 75 44
2017-12-18 22:37:00 0.04317 0.04317 0.04317 0 1
2017-12-18 22:38:00 0.04326 0.04326 0.04326 100 2
2017-12-18 22:39:00 0.043265 0.04326 0.04327 50 32
2017-12-18 22:41:00 0.04331 0.04331 0.04331 100 2
2017-12-18 22:42:00 0.0433025 0.0433 0.04331 25 15
2017-12-18 22:44:00 0.043313333333333336 0.04331 0.04332 66 32
2017-12-18 22:45:00 0.04332 0.04332 0.04332 100 11
2017-12-18 22:46:00 0.043314000000000005 0.04331 0.04332 40 18
2017-12-18 22:47:00 0.04329916666666667 0.04324 0.04332 8 135
2017-12-18 22:48:00 0.0432225 0.04318 0.04324 50 21
2017-12-18 22:49:00 0.04319 0.04319 0.04319 0 2
2017-12-18 22:50:00 0.04321666666666666 0.0432 0.04324 33 4
2017-12-18 22:51:00 0.043196 0.04308 0.04327 40 180
2017-12-18 22:52:00 0.043000000000000003 0.043 0.043 0 9
2017-12-18 22:54:00 0.04298166666666666 0.04282 0.04304 0 42
2017-12-18 22:55:00 0.042885 0.04283 0.043 50 8
2017-12-18 22:56:00 0.042825 0.04282 0.04283 0 2
2017-12-18 22:57:00 0.042667142857142855 0.04257 0.04281 14 21
2017-12-18 22:58:00 0.04247 0.04222 0.04262 6 64
2017-12-18 22:59:00 0.04209357142857143 0.04201 0.04222 7 32
2017-12-18 23:00:00 0.04177409090909091 0.04141 0.04201 13 227
2017-12-18 23:01:00 0.041613333333333336 0.04161 0.04162 0 11
2017-12-18 23:03:00 0.04203166666666667 0.04181 0.04213 50 194
2017-12-18 23:04:00 0.041633333333333335 0.0415 0.04178 0 78
2017-12-18 23:05:00 0.0415 0.0415 0.0415 33 35
2017-12-18 23:06:00 0.041903750000000003 0.04159 0.04202 75 31
2017-12-18 23:08:00 0.041852 0.04185 0.04186 0 52
2017-12-18 23:09:00 0.041472 0.04145 0.04149 0 90
2017-12-18 23:10:00 0.04148875 0.04145 0.04153 37 164
2017-12-18 23:11:00 0.041528749999999996 0.04146 0.04167 75 137
2017-12-18 23:12:00 0.041795 0.04159 0.04188 81 241
2017-12-18 23:13:00 0.04187 0.04185 0.04188 100 20
2017-12-18 23:14:00 0.041635 0.04147 0.0418 12 73
2017-12-18 23:15:00 0.041563333333333334 0.04146 0.04169 33 62
2017-12-18 23:17:00 0.04162 0.04162 0.04162 100 74
2017-12-18 23:18:00 0.04158 0.04158 0.04158 0 1
2017-12-18 23:19:00 0.04167 0.04166 0.04168 100 3
2017-12-18 23:20:00 0.04163 0.04155 0.04171 50 4
2017-12-18 23:22:00 0.04180111111111111 0.04172 0.04188 66 168
2017-12-18 23:23:00 0.04187 0.04186 0.04188 100 55
2017-12-18 23:24:00 0.042 0.042 0.042 100 10
2017-12-18 23:25:00 0.042185 0.04212 0.04222 100 26
2017-12-18 23:26:00 0.04235499999999999 0.04226 0.0424 80 104
2017-12-18 23:28:00 0.04237 0.04232 0.0424 66 32
2017-12-18 23:29:00 0.042366666666666664 0.04231 0.0424 66 10
2017-12-18 23:30:00 0.04221833333333333 0.04212 0.04231 0 65
2017-12-18 23:31:00 0.042198 0.04207 0.04224 40 39
2017-12-18 23:32:00 0.042265 0.04224 0.04229 100 3
2017-12-18 23:33:00 0.04198 0.04198 0.04198 0 6
2017-12-18 23:34:00 0.04215 0.04215 0.04215 100 7
2017-12-18 23:36:00 0.042215 0.04221 0.04222 100 29
2017-12-18 23:38:00 0.04221 0.04221 0.04221 0 1
2017-12-18 23:39:00 0.04221 0.04221 0.04221 0 1
2017-12-18 23:40:00 0.04226 0.04226 0.04226 100 5
2017-12-18 23:42:00 0.04239 0.04239 0.04239 100 5
2017-12-18 23:43:00 0.0424 0.0424 0.0424 100 15
2017-12-18 23:44:00 0.0424 0.0424 0.0424 100 1
2017-12-18 23:45:00 0.04238 0.04238 0.04238 0 2
2017-12-18 23:47:00 0.042405 0.0424 0.04241 0 10
2017-12-18 23:50:00 0.04246 0.04246 0.04246 0 1
2017-12-18 23:51:00 0.042378 0.04237 0.04238 0 101
2017-12-18 23:52:00 0.04228 0.04226 0.0423 50 25
2017-12-18 23:54:00 0.0422475 0.04209 0.04232 62 37
2017-12-18 23:55:00 0.04196 0.04192 0.04203 0 9
2017-12-18 23:56:00 0.041926 0.04189 0.04197 0 97
2017-12-18 23:57:00 0.04189 0.04189 0.04189 0 5
2017-12-18 23:58:00 0.042140000000000004 0.0421 0.04216 75 58
2017-12-18 23:59:00 0.041995000000000005 0.04194 0.0421 0 22
2017-12-19 00:00:00 0.04189 0.04189 0.04189 0 1
2017-12-19 00:01:00 0.04205 0.04205 0.04205 100 4
2017-12-19 00:02:00 0.04200666666666667 0.04195 0.04207 33 8
2017-12-19 00:04:00 0.041965 0.04196 0.04197 100 5
2017-12-19 00:05:00 0.04198 0.04198 0.04198 100 3
2017-12-19 00:06:00 0.0419 0.0419 0.0419 0 4
2017-12-19 00:07:00 0.04178500000000001 0.04169 0.04189 50 66
2017-12-19 00:08:00 0.041528 0.04141 0.04158 0 12
2017-12-19 00:09:00 0.04177 0.04177 0.04177 100 5
2017-12-19 00:10:00 0.04151 0.04151 0.04151 0 2
2017-12-19 00:11:00 0.04151 0.04151 0.04151 0 1
2017-12-19 00:12:00 0.04147 0.04143 0.04151 0 4
2017-12-19 00:14:00 0.041565000000000005 0.04156 0.04157 100 5
2017-12-19 00:16:00 0.04153 0.04153 0.04153 100 1
2017-12-19 00:17:00 0.041444 0.04141 0.04152 0 22
2017-12-19 00:19:00 0.041620000000000004 0.0416 0.04164 100 16
2017-12-19 00:20:00 0.041545 0.04147 0.04162 100 3
2017-12-19 00:22:00 0.041518571428571426 0.04141 0.04165 28 59
2017-12-19 00:23:00 0.04148333333333334 0.04148 0.04149 100 51
2017-12-19 00:24:00 0.04159 0.0415 0.04168 100 21
2017-12-19 00:25:00 0.04170571428571428 0.04157 0.04178 100 70
2017-12-19 00:26:00 0.041776 0.04157 0.04189 100 78
2017-12-19 00:27:00 0.04185 0.04184 0.04186 0 2
2017-12-19 00:28:00 0.04189 0.04189 0.04189 100 5
2017-12-19 00:29:00 0.041874999999999996 0.04186 0.04189 50 2
2017-12-19 00:30:00 0.0418275 0.04176 0.04189 12 12
2017-12-19 00:31:00 0.041806666666666666 0.04176 0.04188 33 33
2017-12-19 00:33:00 0.04188 0.04188 0.04188 100 1
2017-12-19 00:34:00 0.04171 0.04171 0.04171 0 2
2017-12-19 00:36:00 0.04184 0.04184 0.04184 100 1
2017-12-19 00:37:00 0.04174833333333333 0.04169 0.04185 33 21
2017-12-19 00:40:00 0.04178 0.04174 0.04182 50 11
2017-12-19 00:42:00 0.04184 0.04184 0.04184 100 1
2017-12-19 00:43:00 0.041760000000000005 0.0417 0.04182 50 14
2017-12-19 00:44:00 0.041808 0.04179 0.04185 80 48
2017-12-19 00:45:00 0.041895 0.04189 0.0419 100 10
2017-12-19 00:46:00 0.041855 0.04181 0.0419 50 8
2017-12-19 00:47:00 0.041955 0.04194 0.04199 100 44
2017-12-19 00:49:00 0.04187 0.04187 0.04187 0 3
2017-12-19 00:50:00 0.042050000000000004 0.04204 0.04206 100 41
2017-12-19 00:52:00 0.04209 0.04209 0.04209 100 2
2017-12-19 00:53:00 0.04201 0.04191 0.04209 66 6
2017-12-19 00:54:00 0.041845 0.04184 0.04185 0 35
2017-12-19 00:56:00 0.04198 0.04198 0.04198 100 2
2017-12-19 00:57:00 0.04204 0.04204 0.04204 100 4
2017-12-19 01:02:00 0.042025 0.04202 0.04203 0 60
2017-12-19 01:08:00 0.0420875 0.04204 0.04211 25 24
2017-12-19 01:09:00 0.04215333333333334 0.04213 0.0422 100 10
2017-12-19 01:10:00 0.04214 0.04214 0.04214 0 2
2017-12-19 01:11:00 0.0423 0.0423 0.0423 100 1
2017-12-19 01:13:00 0.042335 0.0423 0.04237 100 10
2017-12-19 01:14:00 0.04228 0.04228 0.04228 0 4
2017-12-19 01:16:00 0.042395 0.04239 0.0424 100 3
2017-12-19 01:18:00 0.042477142857142845 0.0424 0.04252 100 93
2017-12-19 01:20:00 0.04250333333333334 0.0425 0.04251 100 3
2017-12-19 01:21:00 0.042425000000000004 0.04241 0.04244 50 30
2017-12-19 01:22:00 0.04246 0.04246 0.04246 100 1
2017-12-19 01:23:00 0.04247 0.04247 0.04247 100 1
2017-12-19 01:25:00 0.04244333333333333 0.04241 0.04247 0 8
2017-12-19 01:27:00 0.0424 0.04239 0.04241 50 7
2017-12-19 01:30:00 0.04241 0.04241 0.04241 100 60
2017-12-19 01:31:00 0.04266 0.04257 0.0427 80 25
2017-12-19 01:32:00 0.042632857142857146 0.04252 0.0427 71 98
2017-12-19 01:33:00 0.042765 0.04276 0.04277 100 6
2017-12-19 01:34:00 0.0428876923076923 0.04273 0.043 92 206
2017-12-19 01:35:00 0.04292666666666667 0.04283 0.04298 66 7
2017-12-19 01:36:00 0.04297 0.04297 0.04297 100 1
2017-12-19 01:37:00 0.04301 0.04301 0.04301 100 2
2017-12-19 01:38:00 0.04299 0.04299 0.04299 0 6
2017-12-19 01:39:00 0.043007 0.04293 0.04305 60 116
2017-12-19 01:40:00 0.042890000000000005 0.04279 0.04293 0 20
2017-12-19 01:41:00 0.042866666666666664 0.04281 0.04298 0 31
2017-12-19 01:42:00 0.04302 0.043 0.04305 100 33
2017-12-19 01:45:00 0.042995 0.04299 0.043 0 5
2017-12-19 01:46:00 0.04295 0.04295 0.04295 0 5
2017-12-19 01:47:00 0.043024999999999994 0.043 0.04305 100 5
2017-12-19 01:48:00 0.042968 0.04287 0.04304 40 24
2017-12-19 01:49:00 0.042994 0.04299 0.043 100 13
2017-12-19 01:51:00 0.042910000000000004 0.0429 0.04292 0 16
2017-12-19 01:52:00 0.04288 0.04288 0.04288 0 2
2017-12-19 01:53:00 0.042935 0.04291 0.04296 50 12
2017-12-19 01:54:00 0.04299599999999999 0.04298 0.043 100 31
2017-12-19 01:55:00 0.04301 0.04301 0.04301 100 35
2017-12-19 01:56:00 0.04301 0.04301 0.04301 100 65
2017-12-19 01:58:00 0.04312 0.04312 0.04312 100 4
2017-12-19 01:59:00 0.04313500000000001 0.04313 0.04314 100 6
2017-12-19 02:01:00 0.04313 0.04313 0.04313 100 1
2017-12-19 02:05:00 0.04311 0.0431 0.04312 25 96
2017-12-19 02:07:00 0.04313 0.04313 0.04313 100 1
2017-12-19 02:08:00 0.04314 0.04314 0.04314 100 4
2017-12-19 02:09:00 0.043112000000000004 0.04309 0.04313 0 30
2017-12-19 02:10:00 0.04309 0.04309 0.04309 0 77
2017-12-19 02:12:00 0.04314 0.04313 0.04315 75 9
2017-12-19 02:13:00 0.043089999999999996 0.04302 0.04318 0 129
2017-12-19 02:14:00 0.043172 0.04303 0.04326 80 15
2017-12-19 02:15:00 0.04315 0.04315 0.04315 0 10
2017-12-19 02:17:00 0.04324600000000001 0.04324 0.04325 100 35
2017-12-19 02:18:00 0.04327333333333333 0.04327 0.04328 100 13
2017-12-19 02:19:00 0.043285 0.04325 0.04332 50 6
2017-12-19 02:20:00 0.043497272727272725 0.04333 0.04364 100 202
2017-12-19 02:21:00 0.04364333333333333 0.04359 0.04374 94 49
2017-12-19 02:22:00 0.0436825 0.04365 0.04373 25 24
2017-12-19 02:23:00 0.04380666666666667 0.04374 0.04393 83 113
2017-12-19 02:24:00 0.043912 0.04386 0.04396 60 61
2017-12-19 02:25:00 0.04400173913043479 0.04393 0.04413 91 157
2017-12-19 02:26:00 0.0441 0.04406 0.04414 100 9
2017-12-19 02:27:00 0.04411714285714286 0.04405 0.04419 71 80
2017-12-19 02:28:00 0.04401888888888889 0.04393 0.04411 0 117
2017-12-19 02:29:00 0.04394 0.04393 0.04396 0 12
2017-12-19 02:30:00 0.04377076923076923 0.04366 0.04393 7 99
2017-12-19 02:31:00 0.04362111111111111 0.04354 0.04368 11 47
2017-12-19 02:32:00 0.0433475 0.04311 0.04362 0 50
2017-12-19 02:33:00 0.04334875 0.04314 0.04352 37 17
2017-12-19 02:34:00 0.04342900000000001 0.04328 0.04362 100 75
2017-12-19 02:35:00 0.04358 0.04355 0.04361 66 12
2017-12-19 02:36:00 0.04351636363636363 0.0433 0.04365 36 95
2017-12-19 02:37:00 0.04339666666666667 0.04339 0.0434 100 16
2017-12-19 02:38:00 0.04335 0.04335 0.04335 0 2
2017-12-19 02:39:00 0.043805000000000004 0.0437 0.04386 100 56
2017-12-19 02:40:00 0.04392666666666667 0.04389 0.04395 33 4
2017-12-19 02:41:00 0.043989999999999994 0.04397 0.044 100 72
2017-12-19 02:42:00 0.04403882352941177 0.04391 0.04418 52 146
2017-12-19 02:43:00 0.04402400000000001 0.04388 0.04416 40 172
2017-12-19 02:44:00 0.043995 0.04391 0.04405 60 100
2017-12-19 02:46:00 0.04413199999999999 0.0441 0.04417 100 27
2017-12-19 02:47:00 0.04417666666666666 0.04417 0.04418 100 24
2017-12-19 02:48:00 0.04399 0.04399 0.04399 0 33
2017-12-19 02:49:00 0.04385875 0.04345 0.04399 0 82
2017-12-19 02:50:00 0.04379333333333333 0.04374 0.04389 66 8
2017-12-19 02:51:00 0.0439225 0.04389 0.04401 100 22
2017-12-19 02:52:00 0.044044 0.04403 0.04408 100 6
2017-12-19 02:54:00 0.04405666666666667 0.04403 0.04407 100 21
2017-12-19 02:55:00 0.04407 0.04407 0.04407 100 1
2017-12-19 02:58:00 0.043919999999999994 0.04389 0.04398 33 12
2017-12-19 02:59:00 0.04396 0.04386 0.044 75 6
2017-12-19 03:00:00 0.043815 0.04378 0.04385 0 2
2017-12-19 03:01:00 0.043451666666666666 0.04301 0.04378 20 156
2017-12-19 03:02:00 0.043754 0.04351 0.04386 60 13
2017-12-19 03:03:00 0.04351333333333333 0.04349 0.04355 0 46
2017-12-19 03:04:00 0.04373 0.04373 0.04373 100 1
2017-12-19 03:05:00 0.043715000000000004 0.04366 0.04375 75 53
2017-12-19 03:06:00 0.04373 0.04373 0.04373 100 5
2017-12-19 03:08:00 0.043704999999999994 0.04368 0.04373 50 10
2017-12-19 03:09:00 0.04359999999999999 0.04357 0.04364 20 65
2017-12-19 03:10:00 0.04362333333333334 0.04361 0.04364 33 53
2017-12-19 03:12:00 0.04357 0.04357 0.04357 0 4
2017-12-19 03:14:00 0.043664999999999995 0.04366 0.04367 50 4
2017-12-19 03:17:00 0.04376 0.04375 0.04377 100 10
2017-12-19 03:18:00 0.043945 0.04394 0.04395 100 6
2017-12-19 03:19:00 0.04385 0.04379 0.0439 50 8
2017-12-19 03:22:00 0.0438 0.0438 0.0438 0 5
2017-12-19 03:26:00 0.043638333333333335 0.04359 0.04375 16 13
2017-12-19 03:27:00 0.043715000000000004 0.04367 0.04376 50 3
2017-12-19 03:28:00 0.04368 0.04368 0.04368 0 1
2017-12-19 03:31:00 0.0437575 0.04375 0.04376 100 15
2017-12-19 03:32:00 0.04381181818181818 0.04352 0.04406 72 375
2017-12-19 03:36:00 0.04364 0.04364 0.04364 0 3
2017-12-19 03:37:00 0.04349833333333333 0.04348 0.04351 16 45
2017-12-19 03:38:00 0.04345 0.04345 0.04345 0 5
2017-12-19 03:40:00 0.04345 0.04345 0.04345 0 5
2017-12-19 03:41:00 0.04343 0.04343 0.04343 100 5
2017-12-19 03:42:00 0.04343 0.04342 0.04345 60 13
2017-12-19 03:43:00 0.04357 0.04357 0.04357 100 2
2017-12-19 03:44:00 0.04357 0.04357 0.04357 100 1
2017-12-19 03:46:00 0.04341 0.04341 0.04341 0 3
2017-12-19 03:47:00 0.043649999999999994 0.04355 0.04377 63 84
2017-12-19 03:49:00 0.04362 0.04362 0.04362 0 55
2017-12-19 03:50:00 0.043385 0.04328 0.04355 16 72
2017-12-19 03:51:00 0.04323 0.04316 0.0433 0 45
2017-12-19 03:53:00 0.043185 0.04318 0.04319 0 2
2017-12-19 03:54:00 0.04324 0.04324 0.04324 0 5
2017-12-19 03:56:00 0.04360333333333333 0.04357 0.04365 100 13
2017-12-19 03:57:00 0.04358 0.04356 0.0436 100 20
2017-12-19 03:58:00 0.043495 0.04344 0.04355 100 12
2017-12-19 04:00:00 0.0436 0.04356 0.04368 100 11
2017-12-19 04:01:00 0.043535000000000004 0.04353 0.04354 0 3
2017-12-19 04:02:00 0.04375 0.04375 0.04375 0 1
2017-12-19 04:03:00 0.04365 0.04365 0.04365 0 1
2017-12-19 04:04:00 0.04375 0.04375 0.04375 100 1
2017-12-19 04:06:00 0.04384909090909091 0.04375 0.04397 100 105
2017-12-19 04:07:00 0.043765 0.04376 0.04377 0 30
2017-12-19 04:08:00 0.043652 0.04359 0.0437 0 91
2017-12-19 04:09:00 0.04371 0.04367 0.04375 100 5
2017-12-19 04:12:00 0.04392666666666667 0.04382 0.04402 100 64
2017-12-19 04:13:00 0.04387461538461538 0.04368 0.04402 38 114
2017-12-19 04:14:00 0.043895 0.04389 0.0439 100 31
2017-12-19 04:15:00 0.044039999999999996 0.04403 0.04405 100 3
2017-12-19 04:18:00 0.04406666666666667 0.04395 0.04415 83 30
2017-12-19 04:19:00 0.044157999999999996 0.04413 0.04418 100 67
2017-12-19 04:20:00 0.044165 0.04415 0.04418 100 23
2017-12-19 04:21:00 0.04416333333333333 0.04416 0.04417 100 18
2017-12-19 04:22:00 0.044169999999999994 0.04416 0.04418 100 4
2017-12-19 04:23:00 0.044175 0.04416 0.04418 100 8
2017-12-19 04:24:00 0.0440775 0.04407 0.04409 50 42
2017-12-19 04:25:00 0.044104615384615374 0.044 0.04419 61 475
2017-12-19 04:26:00 0.044173333333333335 0.04415 0.04419 100 30
2017-12-19 04:27:00 0.04421 0.04417 0.04425 100 3
2017-12-19 04:28:00 0.04429666666666667 0.04429 0.0443 66 84
2017-12-19 04:30:00 0.04425 0.04418 0.04429 75 31
2017-12-19 04:31:00 0.04418777777777778 0.0441 0.04428 44 143
2017-12-19 04:32:00 0.04420666666666667 0.0442 0.04421 100 3
2017-12-19 04:33:00 0.04408 0.04408 0.04408 0 10
2017-12-19 04:34:00 0.04405 0.04405 0.04405 100 2
2017-12-19 04:35:00 0.04401333333333333 0.044 0.04402 0 68
2017-12-19 04:36:00 0.04403749999999999 0.044 0.04405 75 58
2017-12-19 04:38:00 0.043879999999999995 0.04379 0.044 0 74
2017-12-19 04:39:00 0.04374166666666667 0.04373 0.04375 16 106
2017-12-19 04:41:00 0.043750000000000004 0.04357 0.04382 60 9
2017-12-19 04:42:00 0.043765 0.04365 0.04386 50 8
2017-12-19 04:47:00 0.04374666666666666 0.04371 0.04381 0 7
2017-12-19 04:48:00 0.043926 0.04388 0.04395 100 20
2017-12-19 04:49:00 0.0437 0.04363 0.04373 0 46
2017-12-19 04:50:00 0.04386 0.04386 0.04386 100 3
2017-12-19 04:55:00 0.04386 0.04386 0.04386 100 5
2017-12-19 04:57:00 0.043755 0.04375 0.04376 0 5
2017-12-19 04:59:00 0.043745 0.04374 0.04375 0 5
2017-12-19 05:02:00 0.04378 0.04378 0.04378 0 2
2017-12-19 05:03:00 0.043780000000000006 0.04377 0.04379 0 18
2017-12-19 05:05:00 0.043774999999999994 0.04375 0.0438 0 2
2017-12-19 05:06:00 0.04398833333333333 0.04393 0.04406 100 20
2017-12-19 05:08:00 0.04399 0.04399 0.04399 0 5
2017-12-19 05:09:00 0.04398 0.04398 0.04398 0 2
2017-12-19 05:10:00 0.044039999999999996 0.04402 0.04406 100 2
2017-12-19 05:16:00 0.0438775 0.04384 0.04391 0 11
2017-12-19 05:19:00 0.044045 0.04404 0.04405 100 10
2017-12-19 05:20:00 0.043975 0.0439 0.04405 50 2
2017-12-19 05:28:00 0.04395 0.04395 0.04395 0 2
2017-12-19 05:30:00 0.043995 0.04399 0.044 50 39
2017-12-19 05:31:00 0.04388 0.04388 0.04388 0 7
2017-12-19 05:34:00 0.044020000000000004 0.04401 0.04403 100 16
2017-12-19 05:42:00 0.04407 0.04407 0.04407 100 6
2017-12-19 05:43:00 0.0441 0.04408 0.04412 100 42
2017-12-19 05:44:00 0.044127999999999994 0.04409 0.04415 80 134
2017-12-19 05:45:00 0.04415 0.04415 0.04415 100 4
2017-12-19 05:47:00 0.04432 0.04425 0.04437 100 64
2017-12-19 05:48:00 0.04438 0.04438 0.04438 100 100
2017-12-19 05:50:00 0.04439 0.04439 0.04439 100 1
2017-12-19 05:51:00 0.04446769230769231 0.04439 0.04449 92 64
2017-12-19 05:52:00 0.0444875 0.04448 0.04449 75 6
2017-12-19 05:53:00 0.04448 0.04448 0.04448 100 10
2017-12-19 05:54:00 0.044465 0.04443 0.04449 75 37
2017-12-19 05:55:00 0.04449 0.04449 0.04449 100 14
2017-12-19 05:57:00 0.04458818181818181 0.04449 0.04487 100 94
2017-12-19 05:58:00 0.044817499999999996 0.04471 0.04488 75 84
2017-12-19 05:59:00 0.044736250000000005 0.04453 0.04489 25 104
2017-12-19 06:00:00 0.04456 0.04455 0.04457 0 3
2017-12-19 06:01:00 0.04465333333333333 0.04464 0.04466 0 5
2017-12-19 06:02:00 0.04463 0.04463 0.04463 0 1
2017-12-19 06:03:00 0.04475 0.04475 0.04475 100 1
2017-12-19 06:04:00 0.044725 0.04472 0.04473 50 4
2017-12-19 06:05:00 0.04477 0.04477 0.04477 0 16
2017-12-19 06:06:00 0.04470666666666667 0.04447 0.04485 33 108
2017-12-19 06:07:00 0.04472 0.04472 0.04472 100 2
2017-12-19 06:08:00 0.044755 0.04475 0.04476 0 3
2017-12-19 06:09:00 0.04449555555555555 0.04446 0.04458 0 38
2017-12-19 06:10:00 0.044594999999999996 0.04449 0.0447 50 7
2017-12-19 06:11:00 0.04466 0.04466 0.04466 0 1
2017-12-19 06:13:00 0.04477 0.04477 0.04477 0 8
2017-12-19 06:14:00 0.044840000000000005 0.04483 0.04485 75 15
2017-12-19 06:15:00 0.044835 0.04483 0.04484 50 32
2017-12-19 06:16:00 0.044809999999999996 0.04476 0.04484 66 3
2017-12-19 06:17:00 0.044765 0.04476 0.04477 0 17
2017-12-19 06:18:00 0.04481000000000001 0.04479 0.04486 8 110
2017-12-19 06:19:00 0.0448375 0.0448 0.04488 50 40
2017-12-19 06:20:00 0.04487 0.04487 0.04487 0 13
2017-12-19 06:21:00 0.044887500000000004 0.04488 0.0449 50 102
2017-12-19 06:22:00 0.044886666666666665 0.04488 0.0449 0 38
2017-12-19 06:23:00 0.044915000000000004 0.0449 0.04493 100 11
2017-12-19 06:24:00 0.044935 0.04493 0.04494 100 10
2017-12-19 06:25:00 0.04495 0.04495 0.04495 100 12
2017-12-19 06:26:00 0.04494 0.04494 0.04494 50 6
2017-12-19 06:27:00 0.044935 0.04493 0.04494 50 2
2017-12-19 06:28:00 0.0449 0.0449 0.0449 0 2
2017-12-19 06:30:00 0.04487 0.04487 0.04487 0 2
2017-12-19 06:31:00 0.04489 0.04489 0.04489 50 2
2017-12-19 06:32:00 0.04489 0.04489 0.04489 100 5
2017-12-19 06:33:00 0.044855 0.04476 0.04493 66 17
2017-12-19 06:34:00 0.04488 0.04488 0.04488 100 12
2017-12-19 06:35:00 0.044905 0.04483 0.04495 75 7
2017-12-19 06:37:00 0.044923333333333336 0.04491 0.04494 66 17
2017-12-19 06:38:00 0.044933999999999995 0.0449 0.04495 80 13
2017-12-19 06:39:00 0.044945 0.04494 0.04495 100 13
2017-12-19 06:40:00 0.044992631578947374 0.04494 0.04508 100 130
2017-12-19 06:41:00 0.04521461538461538 0.04509 0.04535 92 169
2017-12-19 06:42:00 0.045285 0.0452 0.04536 25 9
2017-12-19 06:43:00 0.045110000000000004 0.04509 0.04516 0 23
2017-12-19 06:44:00 0.04510333333333333 0.04509 0.04512 0 32
2017-12-19 06:45:00 0.045188 0.04511 0.04527 60 92
2017-12-19 06:46:00 0.045248 0.04515 0.04533 40 45
2017-12-19 06:47:00 0.04529 0.04521 0.04536 60 131
2017-12-19 06:49:00 0.04545300000000001 0.04536 0.04548 80 64
2017-12-19 06:50:00 0.04547 0.04547 0.04547 0 27
2017-12-19 06:51:00 0.04525636363636364 0.04509 0.04545 36 223
2017-12-19 06:53:00 0.04539 0.04539 0.04539 100 14
2017-12-19 06:54:00 0.04542 0.0454 0.04544 50 4
2017-12-19 06:55:00 0.04553272727272727 0.04548 0.04562 81 87
2017-12-19 06:56:00 0.045632500000000006 0.04562 0.04567 100 114
2017-12-19 06:57:00 0.045733 0.04568 0.04576 60 80
2017-12-19 06:58:00 0.045700000000000005 0.04566 0.04574 50 10
2017-12-19 06:59:00 0.04572 0.0457 0.04574 100 3
2017-12-19 07:00:00 0.0456925 0.04568 0.0457 75 10
2017-12-19 07:01:00 0.045435833333333335 0.04527 0.04562 0 170
2017-12-19 07:02:00 0.045553750000000004 0.04546 0.04562 37 31
2017-12-19 07:03:00 0.04543 0.04531 0.04558 40 26
2017-12-19 07:04:00 0.045279375000000004 0.04504 0.04555 18 133
2017-12-19 07:05:00 0.04506833333333333 0.04502 0.04517 16 132
2017-12-19 07:06:00 0.04528000000000001 0.04518 0.04533 100 13
2017-12-19 07:07:00 0.045436000000000004 0.04543 0.04544 100 17
2017-12-19 07:08:00 0.045409 0.0454 0.04543 20 101
2017-12-19 07:09:00 0.045399999999999996 0.04537 0.04543 50 21
2017-12-19 07:10:00 0.04543 0.04543 0.04543 0 3
2017-12-19 07:11:00 0.04542 0.04542 0.04542 100 15
2017-12-19 07:12:00 0.04539 0.04538 0.0454 0 2
2017-12-19 07:13:00 0.045384999999999995 0.04538 0.04539 0 9
2017-12-19 07:14:00 0.0454 0.0454 0.0454 100 10
2017-12-19 07:15:00 0.045398333333333325 0.04538 0.04544 33 103
2017-12-19 07:16:00 0.04531 0.04521 0.04541 50 6
2017-12-19 07:17:00 0.04521 0.04521 0.04521 0 5
2017-12-19 07:18:00 0.04514166666666667 0.04505 0.04523 16 29
2017-12-19 07:19:00 0.045018 0.04498 0.04508 40 116
2017-12-19 07:20:00 0.044965 0.04495 0.04498 0 21
2017-12-19 07:21:00 0.04497 0.04497 0.04497 100 1
2017-12-19 07:22:00 0.044980000000000006 0.0449 0.04506 50 4
2017-12-19 07:23:00 0.04509 0.04509 0.04509 100 1
2017-12-19 07:24:00 0.045135 0.04512 0.04515 100 10
2017-12-19 07:25:00 0.04512 0.04512 0.04512 100 8
2017-12-19 07:31:00 0.04504333333333333 0.04502 0.04507 66 32
2017-12-19 07:32:00 0.04501 0.04501 0.04501 0 1
2017-12-19 07:33:00 0.04503 0.04503 0.04503 100 1
2017-12-19 07:37:00 0.04504 0.04503 0.04505 50 22
2017-12-19 07:38:00 0.04499 0.04499 0.04499 0 5
2017-12-19 07:39:00 0.045138333333333336 0.04508 0.04521 100 61
2017-12-19 07:40:00 0.045085 0.04508 0.04509 0 5
2017-12-19 07:41:00 0.045354285714285715 0.04528 0.04541 100 52
2017-12-19 07:42:00 0.04542 0.04542 0.04542 100 1
2017-12-19 07:43:00 0.045281666666666665 0.04524 0.04532 0 13
2017-12-19 07:44:00 0.04523 0.04523 0.04523 0 10
2017-12-19 07:45:00 0.04527 0.04527 0.04527 0 1
2017-12-19 07:48:00 0.045496666666666664 0.04544 0.04553 100 20
2017-12-19 07:50:00 0.04549 0.04549 0.04549 100 1
2017-12-19 07:51:00 0.04527 0.04527 0.04527 0 1
2017-12-19 07:52:00 0.045454999999999995 0.04545 0.04546 100 10
2017-12-19 07:55:00 0.04540666666666667 0.04537 0.04546 33 8
2017-12-19 07:56:00 0.04529 0.04529 0.04529 0 1
2017-12-19 07:57:00 0.045366666666666666 0.04536 0.04537 100 13
2017-12-19 07:58:00 0.04547 0.04547 0.04547 100 1
2017-12-19 07:59:00 0.04541 0.04535 0.04547 50 3
2017-12-19 08:00:00 0.045344999999999996 0.04534 0.04535 0 32
2017-12-19 08:01:00 0.045415 0.04534 0.04549 100 81
2017-12-19 08:03:00 0.045344999999999996 0.04534 0.04535 0 81
2017-12-19 08:08:00 0.04533 0.04533 0.04533 0 2
2017-12-19 08:10:00 0.045250000000000005 0.04521 0.0453 66 110
2017-12-19 08:13:00 0.04527 0.04526 0.04528 0 4
2017-12-19 08:15:00 0.04526 0.04526 0.04526 0 1
2017-12-19 08:16:00 0.045215 0.0452 0.04523 0 18
2017-12-19 08:17:00 0.045283333333333335 0.0452 0.04537 66 3
2017-12-19 08:20:00 0.04543 0.04543 0.04543 100 8
2017-12-19 08:22:00 0.04519625 0.04507 0.04533 0 120
2017-12-19 08:25:00 0.04517 0.04517 0.04517 100 1
2017-12-19 08:26:00 0.04516 0.04516 0.04516 100 1
2017-12-19 08:28:00 0.04507 0.04507 0.04507 0 1
2017-12-19 08:30:00 0.04514 0.0451 0.04518 50 12
2017-12-19 08:31:00 0.0452875 0.04526 0.0453 100 11
2017-12-19 08:32:00 0.0453 0.0453 0.0453 100 10
2017-12-19 08:34:00 0.045358 0.0453 0.04543 100 17
2017-12-19 08:35:00 0.04548666666666667 0.04547 0.0455 100 3
2017-12-19 08:36:00 0.0455 0.0455 0.0455 100 2
2017-12-19 08:37:00 0.045540000000000004 0.04554 0.04554 100 133
2017-12-19 08:38:00 0.04553999999999997 0.04554 0.04554 100 209
2017-12-19 08:39:00 0.045540000000000004 0.04554 0.04554 100 36
2017-12-19 08:40:00 0.04554 0.04554 0.04554 100 2
2017-12-19 08:44:00 0.0455625 0.04554 0.04559 100 27
2017-12-19 08:45:00 0.04564 0.04564 0.04564 100 1
2017-12-19 08:46:00 0.04564 0.04564 0.04564 100 3
2017-12-19 08:47:00 0.04563 0.04562 0.04564 22 93
2017-12-19 08:48:00 0.04564666666666667 0.04564 0.04567 100 55
2017-12-19 08:49:00 0.04575 0.04575 0.04575 100 36
2017-12-19 08:50:00 0.04574 0.04574 0.04574 100 2
2017-12-19 08:51:00 0.04571 0.04569 0.04574 33 6
2017-12-19 08:52:00 0.04568 0.04563 0.04573 50 5
2017-12-19 08:53:00 0.04573000000000001 0.0457 0.04575 80 37
2017-12-19 08:54:00 0.0458325 0.04577 0.04586 25 10
2017-12-19 08:55:00 0.0458975 0.04586 0.04595 87 43
2017-12-19 08:56:00 0.0459375 0.04593 0.04595 100 9
2017-12-19 08:57:00 0.045895000000000005 0.04589 0.0459 0 2
2017-12-19 08:58:00 0.04592 0.04591 0.04593 0 52
2017-12-19 08:59:00 0.04592 0.04592 0.04592 0 2
2017-12-19 09:00:00 0.04593 0.04592 0.04594 50 9
2017-12-19 09:01:00 0.04592333333333334 0.04591 0.04594 33 3
2017-12-19 09:02:00 0.04592666666666667 0.04592 0.04593 0 25
2017-12-19 09:03:00 0.04578125 0.04568 0.04591 0 151
2017-12-19 09:04:00 0.04561 0.04561 0.04561 0 1
2017-12-19 09:05:00 0.04567 0.04567 0.04567 100 4
2017-12-19 09:06:00 0.04547749999999999 0.0453 0.04566 0 14
2017-12-19 09:07:00 0.045585 0.04549 0.04568 0 41
2017-12-19 09:08:00 0.04566 0.04566 0.04566 0 6
2017-12-19 09:10:00 0.04586 0.04586 0.04586 100 4
2017-12-19 09:11:00 0.04578 0.04578 0.04578 0 2
2017-12-19 09:13:00 0.04584 0.04582 0.04585 75 46
2017-12-19 09:14:00 0.045922000000000004 0.04586 0.04595 100 42
2017-12-19 09:15:00 0.045954999999999996 0.04594 0.04598 100 31
2017-12-19 09:16:00 0.04596599999999999 0.04595 0.046 40 35
2017-12-19 09:17:00 0.045963333333333335 0.04581 0.046 50 144
2017-12-19 09:18:00 0.04571 0.04565 0.04575 0 7
2017-12-19 09:21:00 0.04599 0.04599 0.04599 100 5
2017-12-19 09:23:00 0.04599857142857142 0.04599 0.046 100 79
2017-12-19 09:24:00 0.046149 0.046 0.04625 100 35
2017-12-19 09:25:00 0.04611833333333334 0.04599 0.04616 0 12
2017-12-19 09:26:00 0.04598 0.04598 0.04598 0 1
2017-12-19 09:27:00 0.046235000000000005 0.04619 0.04625 100 188
2017-12-19 09:28:00 0.04625 0.04625 0.04625 100 5
2017-12-19 09:29:00 0.046245999999999995 0.04624 0.04625 60 32
2017-12-19 09:30:00 0.046342307692307703 0.04614 0.04651 84 30
2017-12-19 09:31:00 0.0465075 0.04646 0.04659 100 6
2017-12-19 09:32:00 0.046575384615384616 0.04649 0.04662 69 71
2017-12-19 09:33:00 0.046487499999999994 0.04648 0.04649 0 22
2017-12-19 09:34:00 0.04659666666666667 0.04655 0.04662 100 7
2017-12-19 09:35:00 0.04662 0.04662 0.04662 100 10
2017-12-19 09:36:00 0.04662 0.04662 0.04662 100 4
2017-12-19 09:37:00 0.04659 0.04656 0.04662 50 21
2017-12-19 09:38:00 0.046615 0.04661 0.04662 100 27
2017-12-19 09:39:00 0.04662 0.04662 0.04662 100 24
2017-12-19 09:40:00 0.04662 0.04662 0.04662 100 1
2017-12-19 09:41:00 0.04662 0.04662 0.04662 100 31
2017-12-19 09:42:00 0.0465975 0.04659 0.0466 100 4
2017-12-19 09:43:00 0.04661 0.0466 0.04662 100 39
2017-12-19 09:44:00 0.04662 0.04662 0.04662 100 1
2017-12-19 09:45:00 0.046575000000000005 0.04652 0.04661 0 72
2017-12-19 09:46:00 0.04641 0.04635 0.0465 0 23
2017-12-19 09:47:00 0.04627733333333333 0.04618 0.04638 13 88
2017-12-19 09:48:00 0.046384999999999996 0.04638 0.04639 0 2
2017-12-19 09:49:00 0.0463390909090909 0.04618 0.0464 9 94
2017-12-19 09:50:00 0.0458175 0.04561 0.04609 12 14
2017-12-19 09:51:00 0.045405333333333325 0.04516 0.04563 6 236
2017-12-19 09:52:00 0.045295 0.04519 0.0454 0 4
2017-12-19 09:53:00 0.04541 0.04541 0.04541 100 2
2017-12-19 09:54:00 0.04542000000000001 0.04542 0.04542 100 125
2017-12-19 09:56:00 0.045985 0.04598 0.04599 100 3
2017-12-19 09:58:00 0.04591428571428572 0.04577 0.04598 57 13
2017-12-19 09:59:00 0.0458 0.04579 0.04581 0 35
2017-12-19 10:00:00 0.045975 0.04597 0.04598 100 2
2017-12-19 10:01:00 0.04594 0.04591 0.04599 33 31
2017-12-19 10:02:00 0.04574 0.04552 0.0459 0 40
2017-12-19 10:03:00 0.04595 0.04595 0.04595 100 1
2017-12-19 10:04:00 0.04576666666666666 0.04552 0.04589 0 49
2017-12-19 10:05:00 0.0445215909090909 0.04357 0.04553 18 918
2017-12-19 10:06:00 0.044952 0.04495 0.04496 20 17
2017-12-19 10:07:00 0.044879999999999996 0.04474 0.04498 40 31
2017-12-19 10:09:00 0.04490000000000001 0.04479 0.04492 28 68
2017-12-19 10:10:00 0.0448475 0.04477 0.04493 25 19
2017-12-19 10:11:00 0.044746 0.04474 0.04477 0 35
2017-12-19 10:12:00 0.044748333333333334 0.04474 0.04476 50 35
2017-12-19 10:13:00 0.044744 0.04474 0.04475 40 13
2017-12-19 10:14:00 0.044666250000000005 0.04415 0.04474 0 47
2017-12-19 10:15:00 0.043812222222222225 0.04349 0.04406 11 13
2017-12-19 10:16:00 0.043597777777777784 0.04348 0.04432 11 58
2017-12-19 10:17:00 0.043815 0.04348 0.04415 50 4
2017-12-19 10:18:00 0.043816 0.04354 0.04409 40 9
2017-12-19 10:19:00 0.043696250000000006 0.04359 0.04383 50 17
2017-12-19 10:20:00 0.0437275 0.04358 0.04403 50 19
2017-12-19 10:21:00 0.04374 0.04348 0.04405 83 424
2017-12-19 10:22:00 0.04405124999999999 0.04405 0.04406 100 149
2017-12-19 10:23:00 0.044080666666666664 0.04389 0.04414 80 230
2017-12-19 10:24:00 0.044399999999999995 0.04414 0.04453 100 241
2017-12-19 10:25:00 0.04458666666666666 0.04454 0.04461 66 22
2017-12-19 10:26:00 0.04423 0.04423 0.04423 0 2
2017-12-19 10:27:00 0.04468375 0.0446 0.04486 62 110
2017-12-19 10:28:00 0.04471599999999999 0.04465 0.04484 20 144
2017-12-19 10:29:00 0.0447225 0.04467 0.04482 75 9
2017-12-19 10:30:00 0.04482 0.04482 0.04482 100 2
2017-12-19 10:31:00 0.04481333333333334 0.04476 0.04485 100 4
2017-12-19 10:32:00 0.0448725 0.04485 0.04488 100 8
2017-12-19 10:33:00 0.044820000000000006 0.0448 0.04488 25 19
2017-12-19 10:34:00 0.04487250000000001 0.04482 0.04488 87 25
2017-12-19 10:35:00 0.04488 0.04488 0.04488 100 3
2017-12-19 10:36:00 0.04488 0.04488 0.04488 100 130
2017-12-19 10:37:00 0.044776250000000004 0.04473 0.04488 12 33
2017-12-19 10:38:00 0.04464545454545455 0.04447 0.04475 9 121
2017-12-19 10:39:00 0.04417666666666667 0.04393 0.04441 0 35
2017-12-19 10:40:00 0.044 0.044 0.044 0 2
2017-12-19 10:42:00 0.04402 0.04402 0.04402 0 1
2017-12-19 10:44:00 0.04406222222222222 0.04401 0.04408 0 13
2017-12-19 10:45:00 0.044410000000000005 0.0444 0.04442 100 45
2017-12-19 10:46:00 0.04426 0.04413 0.04439 100 3
2017-12-19 10:47:00 0.04413999999999999 0.044 0.04439 33 131
2017-12-19 10:48:00 0.04417000000000001 0.044 0.04436 50 68
2017-12-19 10:49:00 0.044228 0.04407 0.04437 100 16
2017-12-19 10:50:00 0.0442125 0.04406 0.04436 100 14
2017-12-19 10:51:00 0.04347750000000001 0.04302 0.04377 5 460
2017-12-19 10:52:00 0.04374 0.04365 0.04382 0 15
2017-12-19 10:53:00 0.04334 0.04334 0.04334 0 13
2017-12-19 10:54:00 0.043575 0.04335 0.04381 50 13
2017-12-19 10:55:00 0.043815 0.0438 0.04383 100 9
2017-12-19 10:56:00 0.043829999999999994 0.04383 0.04383 100 85
2017-12-19 10:57:00 0.043829999999999994 0.04383 0.04383 100 158
2017-12-19 10:58:00 0.043623333333333326 0.04341 0.04383 55 125
2017-12-19 10:59:00 0.04411555555555555 0.04383 0.04433 100 44
2017-12-19 11:00:00 0.044117500000000004 0.04348 0.04433 75 5
2017-12-19 11:01:00 0.044336 0.04433 0.04434 100 11
2017-12-19 11:02:00 0.04434 0.04434 0.04434 100 1
2017-12-19 11:05:00 0.044295 0.04428 0.04431 50 6
2017-12-19 11:06:00 0.04428 0.04428 0.04428 100 1
2017-12-19 11:07:00 0.04432 0.04432 0.04432 100 5
2017-12-19 11:09:00 0.043866666666666665 0.0437 0.04408 0 10
2017-12-19 11:11:00 0.04366 0.04366 0.04366 0 7
2017-12-19 11:12:00 0.04432666666666666 0.0443 0.04434 100 6
2017-12-19 11:13:00 0.0438 0.04378 0.04382 0 3
2017-12-19 11:15:00 0.044335 0.04433 0.04434 100 10
2017-12-19 11:16:00 0.04395 0.04395 0.04395 100 1
2017-12-19 11:19:00 0.04433666666666666 0.04433 0.04434 100 6
2017-12-19 11:20:00 0.044285 0.04412 0.04434 75 14
2017-12-19 11:21:00 0.044335 0.04433 0.04434 100 18
2017-12-19 11:22:00 0.04434 0.04434 0.04434 100 10
2017-12-19 11:23:00 0.0443325 0.04433 0.04434 25 6
2017-12-19 11:24:00 0.04434 0.04434 0.04434 100 9
2017-12-19 11:25:00 0.04434 0.04434 0.04434 100 23
2017-12-19 11:26:00 0.044555000000000004 0.04434 0.04481 100 18
2017-12-19 11:29:00 0.0448 0.0448 0.0448 100 1
2017-12-19 11:31:00 0.04492833333333333 0.04491 0.045 50 95
2017-12-19 11:32:00 0.045 0.045 0.045 0 44
2017-12-19 11:33:00 0.0447 0.0447 0.0447 0 2
2017-12-19 11:35:00 0.0446525 0.0446 0.0447 25 10
2017-12-19 11:36:00 0.0446 0.0446 0.0446 100 2
2017-12-19 11:37:00 0.04484 0.04478 0.04496 66 3
2017-12-19 11:38:00 0.0447 0.0447 0.0447 0 1
2017-12-19 11:39:00 0.045016 0.04497 0.0451 40 98
2017-12-19 11:40:00 0.04487 0.04462 0.04509 33 11
2017-12-19 11:41:00 0.04471 0.04462 0.0448 50 3
2017-12-19 11:42:00 0.04509 0.04507 0.04511 100 4
2017-12-19 11:43:00 0.04496 0.0448 0.04512 50 2
2017-12-19 11:44:00 0.04525 0.04525 0.04525 100 1
2017-12-19 11:47:00 0.04524 0.04524 0.04524 100 1
2017-12-19 11:49:00 0.04524 0.04524 0.04524 100 2
2017-12-19 11:52:00 0.045052 0.04482 0.04533 0 31
2017-12-19 11:54:00 0.0448325 0.04481 0.04485 0 11
2017-12-19 11:55:00 0.04545 0.04545 0.04545 100 1
2017-12-19 11:56:00 0.04532 0.04483 0.04545 80 13
2017-12-19 11:58:00 0.045402 0.04484 0.0456 80 11
2017-12-19 12:02:00 0.045668571428571426 0.04521 0.04599 100 12
2017-12-19 12:05:00 0.045968 0.04593 0.04599 100 20
2017-12-19 12:06:00 0.04591 0.04591 0.04591 0 2
2017-12-19 12:07:00 0.045779999999999994 0.04576 0.0458 0 8
2017-12-19 12:08:00 0.04593333333333333 0.04591 0.04595 100 7
2017-12-19 12:09:00 0.04567333333333332 0.04558 0.04588 33 7
2017-12-19 12:12:00 0.04567 0.04567 0.04567 100 2
2017-12-19 12:14:00 0.045125 0.04511 0.04514 0 11
2017-12-19 12:16:00 0.04545 0.04545 0.04545 0 2
2017-12-19 12:17:00 0.04512857142857142 0.04484 0.04544 0 60
2017-12-19 12:18:00 0.04484 0.04484 0.04484 0 22
2017-12-19 12:20:00 0.04487 0.04484 0.0449 50 2
2017-12-19 12:27:00 0.0449 0.0449 0.0449 100 6
2017-12-19 12:31:00 0.04518666666666666 0.04517 0.0452 100 30
2017-12-19 12:32:00 0.04516 0.04516 0.04516 100 1
2017-12-19 12:33:00 0.04512 0.04504 0.0452 50 36
2017-12-19 12:36:00 0.04505 0.04505 0.04505 0 1
2017-12-19 12:45:00 0.04504 0.04504 0.04504 0 1
2017-12-19 12:46:00 0.045224 0.04518 0.04536 100 10
2017-12-19 12:47:00 0.04507 0.04507 0.04507 0 3
2017-12-19 12:49:00 0.045200000000000004 0.04505 0.04535 50 2
2017-12-19 12:50:00 0.04513 0.04513 0.04513 0 5
2017-12-19 12:57:00 0.04529 0.04529 0.04529 0 3
2017-12-19 12:58:00 0.04549 0.04549 0.04549 100 1
2017-12-19 13:06:00 0.04547 0.04547 0.04547 100 4
2017-12-19 13:07:00 0.045465 0.04546 0.04547 50 5
2017-12-19 13:08:00 0.04545 0.04545 0.04545 100 1
2017-12-19 13:10:00 0.04538 0.04538 0.04538 0 1
2017-12-19 13:11:00 0.045365 0.04535 0.04538 50 4
2017-12-19 13:12:00 0.04526666666666667 0.04523 0.04529 0 10
2017-12-19 13:13:00 0.045363999999999995 0.04528 0.0455 80 30
2017-12-19 13:14:00 0.04548 0.04546 0.0455 50 12
2017-12-19 13:16:00 0.04582 0.04565 0.04591 66 5
2017-12-19 13:18:00 0.045755000000000004 0.04568 0.04583 50 10
2017-12-19 13:19:00 0.04567499999999999 0.04567 0.04568 0 4
2017-12-19 13:22:00 0.04577 0.04577 0.04577 0 3
2017-12-19 13:24:00 0.04583 0.04583 0.04583 100 2
2017-12-19 13:25:00 0.0458525 0.04583 0.04587 100 40
2017-12-19 13:26:00 0.04582 0.04582 0.04582 0 3
2017-12-19 13:27:00 0.045892499999999996 0.04586 0.04595 75 15
2017-12-19 13:28:00 0.045904999999999994 0.04587 0.04594 25 21
2017-12-19 13:29:00 0.045956666666666666 0.04587 0.04599 83 30
2017-12-19 13:30:00 0.045945 0.04589 0.046 50 2
2017-12-19 13:31:00 0.045698461538461535 0.045 0.04609 23 30
2017-12-19 13:33:00 0.04607 0.046 0.04612 100 21
2017-12-19 13:34:00 0.046322857142857145 0.0463 0.04636 100 74
2017-12-19 13:35:00 0.04633 0.04633 0.04633 100 5
2017-12-19 13:36:00 0.04634 0.04633 0.04636 100 7
2017-12-19 13:38:00 0.046365 0.04636 0.04637 100 5
2017-12-19 13:39:00 0.046234285714285714 0.04613 0.04637 28 10
2017-12-19 13:40:00 0.04620428571428571 0.04603 0.04635 28 15
2017-12-19 13:41:00 0.04614 0.04614 0.04614 0 10
2017-12-19 13:42:00 0.046125 0.04609 0.0462 25 7
2017-12-19 13:43:00 0.0463375 0.04631 0.04637 100 5
2017-12-19 13:45:00 0.04606 0.04606 0.04606 0 2
2017-12-19 13:46:00 0.04612 0.04612 0.04612 0 1
2017-12-19 13:47:00 0.04643166666666667 0.04618 0.04657 100 10
2017-12-19 13:48:00 0.04654 0.04654 0.04654 100 6
2017-12-19 13:49:00 0.046322499999999996 0.0462 0.04648 25 11
2017-12-19 13:50:00 0.04631 0.04631 0.04631 0 1
2017-12-19 13:51:00 0.04567 0.04567 0.04567 0 1
2017-12-19 13:53:00 0.046 0.046 0.046 0 2
2017-12-19 13:54:00 0.04614 0.04614 0.04614 100 20
2017-12-19 13:55:00 0.04627 0.04626 0.04628 100 5
2017-12-19 13:56:00 0.046302499999999996 0.04628 0.04634 50 18
2017-12-19 13:57:00 0.04648 0.04648 0.04648 100 4
2017-12-19 13:58:00 0.046636 0.04658 0.04667 100 26
2017-12-19 13:59:00 0.0467975 0.04667 0.04692 87 19
2017-12-19 14:00:00 0.04689000000000001 0.04682 0.04693 66 3
2017-12-19 14:01:00 0.04683 0.04683 0.04683 0 1
2017-12-19 14:02:00 0.04689 0.04686 0.04692 50 10
2017-12-19 14:03:00 0.04683 0.04683 0.04683 0 2
2017-12-19 14:04:00 0.046785 0.04677 0.0468 50 5
2017-12-19 14:05:00 0.046765 0.04676 0.04677 0 2
2017-12-19 14:06:00 0.0464 0.0464 0.0464 0 1
2017-12-19 14:08:00 0.046795 0.04678 0.0468 100 10
2017-12-19 14:09:00 0.046674999999999994 0.0465 0.0468 50 4
2017-12-19 14:10:00 0.04658 0.04652 0.04688 12 19
2017-12-19 14:11:00 0.04655 0.04653 0.04657 0 2
2017-12-19 14:13:00 0.04675 0.04667 0.04683 50 2
2017-12-19 14:14:00 0.04679 0.0467 0.04688 50 5
2017-12-19 14:15:00 0.04654333333333333 0.04645 0.0467 0 20
2017-12-19 14:17:00 0.046494999999999995 0.04649 0.0465 50 11
2017-12-19 14:18:00 0.04652 0.04649 0.04657 66 8
2017-12-19 14:19:00 0.04660857142857143 0.04651 0.04683 57 23
2017-12-19 14:22:00 0.04685 0.04685 0.04685 100 4
2017-12-19 14:24:00 0.04681 0.04681 0.04681 100 2
2017-12-19 14:25:00 0.0465 0.04644 0.04656 0 10
2017-12-19 14:26:00 0.04633333333333334 0.04626 0.04648 100 4
2017-12-19 14:31:00 0.04643666666666666 0.04631 0.0465 66 7
2017-12-19 14:33:00 0.04651 0.04651 0.04651 100 6
2017-12-19 14:34:00 0.04651 0.04651 0.04651 100 1
2017-12-19 14:39:00 0.04671 0.04671 0.04671 100 2
2017-12-19 14:40:00 0.04663 0.04663 0.04663 0 1
2017-12-19 14:41:00 0.04658 0.04658 0.04658 0 4
2017-12-19 14:42:00 0.04661714285714285 0.0466 0.04665 71 64
2017-12-19 14:44:00 0.0465 0.0465 0.0465 0 5
2017-12-19 14:45:00 0.04658 0.04658 0.04658 100 10
2017-12-19 14:46:00 0.046285 0.0462 0.04643 25 13
2017-12-19 14:47:00 0.046068571428571424 0.04593 0.04615 28 54
2017-12-19 14:48:00 0.04593666666666666 0.04583 0.04613 66 14
2017-12-19 14:50:00 0.04594 0.04594 0.04594 0 5
2017-12-19 14:53:00 0.046055 0.04589 0.04622 50 6
2017-12-19 14:54:00 0.046118 0.04598 0.04616 80 13
2017-12-19 14:55:00 0.04639666666666666 0.04639 0.0464 100 10
2017-12-19 14:57:00 0.04649 0.04649 0.04649 100 4
2017-12-19 14:58:00 0.04658 0.0465 0.04664 100 14
2017-12-19 14:59:00 0.046387500000000005 0.04602 0.0466 0 110
2017-12-19 15:00:00 0.0457925 0.04577 0.0458 0 15
2017-12-19 15:01:00 0.04641 0.04641 0.04641 100 1
2017-12-19 15:02:00 0.04613 0.04613 0.04613 0 1
2017-12-19 15:03:00 0.045905 0.0459 0.04592 0 101
2017-12-19 15:04:00 0.04542923076923077 0.04512 0.04591 7 53
2017-12-19 15:05:00 0.045436666666666674 0.04521 0.04588 33 5
2017-12-19 15:06:00 0.04524 0.04524 0.04524 0 1
2017-12-19 15:07:00 0.04526 0.04526 0.04526 0 2
2017-12-19 15:08:00 0.04511333333333333 0.0451 0.04515 0 17
2017-12-19 15:09:00 0.04510499999999999 0.0451 0.04511 0 31
2017-12-19 15:10:00 0.04513 0.04512 0.04514 0 7
2017-12-19 15:11:00 0.04497833333333332 0.04489 0.0451 0 53
2017-12-19 15:12:00 0.04491714285714286 0.04481 0.04529 57 23
2017-12-19 15:13:00 0.044879999999999996 0.04467 0.04528 33 66
2017-12-19 15:14:00 0.04526 0.04526 0.04526 100 1
2017-12-19 15:15:00 0.045309999999999996 0.04526 0.0454 100 6
2017-12-19 15:16:00 0.04554 0.04554 0.04554 100 1
2017-12-19 15:17:00 0.04567800000000001 0.04544 0.04599 60 21
2017-12-19 15:18:00 0.04544 0.04544 0.04544 50 2
2017-12-19 15:19:00 0.04544 0.04544 0.04544 100 15
2017-12-19 15:20:00 0.04543 0.04543 0.04543 0 1
2017-12-19 15:21:00 0.045505000000000004 0.0455 0.04551 100 10
2017-12-19 15:22:00 0.045255000000000004 0.04525 0.04526 100 5
2017-12-19 15:23:00 0.04524 0.04524 0.04524 0 1
2017-12-19 15:25:00 0.04518333333333333 0.04518 0.04519 100 48
2017-12-19 15:26:00 0.04524 0.04519 0.04529 50 15
2017-12-19 15:27:00 0.04545 0.04542 0.0455 100 7
2017-12-19 15:28:00 0.04541833333333333 0.0454 0.04548 50 14
2017-12-19 15:29:00 0.0455 0.0455 0.0455 100 2
2017-12-19 15:30:00 0.0455 0.0455 0.0455 100 2
2017-12-19 15:31:00 0.04574 0.04574 0.04574 100 1
2017-12-19 15:32:00 0.04582 0.04582 0.04582 100 1
2017-12-19 15:34:00 0.04587 0.0458 0.04594 100 5
2017-12-19 15:36:00 0.046 0.046 0.046 100 11
2017-12-19 15:37:00 0.046 0.046 0.046 100 9
2017-12-19 15:39:00 0.04606727272727273 0.0458 0.0463 45 60
2017-12-19 15:40:00 0.04582 0.04582 0.04582 0 2
2017-12-19 15:42:00 0.046175 0.04617 0.04618 100 2
2017-12-19 15:43:00 0.046225714285714294 0.04605 0.0463 85 152
2017-12-19 15:44:00 0.04611 0.04611 0.04611 0 1
2017-12-19 15:45:00 0.046 0.046 0.046 0 2
2017-12-19 15:46:00 0.04614 0.04614 0.04614 100 1
2017-12-19 15:47:00 0.045715000000000006 0.04553 0.0459 0 3
2017-12-19 15:48:00 0.04575666666666667 0.04575 0.04576 0 4
2017-12-19 15:49:00 0.04581 0.04575 0.04588 33 6
2017-12-19 15:50:00 0.045725 0.04571 0.04574 50 2
2017-12-19 15:51:00 0.045770000000000005 0.04571 0.0458 66 4
2017-12-19 15:52:00 0.04579333333333333 0.04578 0.0458 66 4
2017-12-19 15:53:00 0.04579 0.04579 0.04579 0 3
2017-12-19 15:54:00 0.045904999999999994 0.0458 0.04598 75 7
2017-12-19 15:56:00 0.046 0.046 0.046 100 7
2017-12-19 15:57:00 0.046 0.046 0.046 100 1
2017-12-19 15:59:00 0.04587666666666667 0.04585 0.04592 0 7
2017-12-19 16:01:00 0.0459 0.0459 0.0459 100 1
2017-12-19 16:07:00 0.04567 0.04567 0.04567 0 2
2017-12-19 16:08:00 0.045625 0.04555 0.04568 0 12
2017-12-19 16:09:00 0.04555 0.04555 0.04555 0 4
2017-12-19 16:10:00 0.04555 0.04555 0.04555 0 1
2017-12-19 16:11:00 0.04555 0.04555 0.04555 0 12
2017-12-19 16:12:00 0.0452925 0.04521 0.04545 0 60
2017-12-19 16:13:00 0.04534428571428571 0.04516 0.04571 57 28
2017-12-19 16:14:00 0.04513333333333334 0.0451 0.04515 0 19
2017-12-19 16:15:00 0.045305 0.0451 0.04551 50 2
2017-12-19 16:17:00 0.045115 0.04511 0.04512 0 3
2017-12-19 16:20:00 0.045425 0.04541 0.04544 100 5
2017-12-19 16:21:00 0.045195 0.04518 0.04521 0 6
2017-12-19 16:23:00 0.04515 0.04515 0.04515 0 15
2017-12-19 16:28:00 0.045136666666666665 0.04511 0.04515 0 5
2017-12-19 16:30:00 0.04533 0.04533 0.04533 100 1
2017-12-19 16:32:00 0.04513 0.04513 0.04513 0 1
2017-12-19 16:33:00 0.04518 0.04518 0.04518 0 27
2017-12-19 16:34:00 0.045454999999999995 0.04545 0.04546 50 6
2017-12-19 16:35:00 0.045380000000000004 0.04535 0.0454 75 12
2017-12-19 16:36:00 0.045298 0.04526 0.04533 60 66
2017-12-19 16:37:00 0.04546 0.04546 0.04546 100 3
2017-12-19 16:39:00 0.04546 0.04546 0.04546 100 1
2017-12-19 16:47:00 0.04544 0.04544 0.04544 100 3
2017-12-19 16:48:00 0.045676 0.04557 0.04574 100 10
2017-12-19 16:49:00 0.04571 0.04571 0.04571 100 4
2017-12-19 16:50:00 0.04571 0.04571 0.04571 100 10
2017-12-19 16:51:00 0.045762000000000004 0.04571 0.0458 100 23
2017-12-19 16:53:00 0.045893750000000004 0.0458 0.04597 87 63
2017-12-19 16:59:00 0.0458 0.0458 0.0458 0 15
2017-12-19 17:00:00 0.04555 0.0451 0.04581 0 164
2017-12-19 17:01:00 0.045655 0.04565 0.04566 100 10
2017-12-19 17:02:00 0.04523666666666667 0.0452 0.04526 0 24
2017-12-19 17:03:00 0.04539 0.04539 0.04539 0 3
2017-12-19 17:04:00 0.045285 0.04521 0.04532 75 7
2017-12-19 17:05:00 0.04531 0.04531 0.04531 100 6
2017-12-19 17:06:00 0.04531 0.04531 0.04531 100 3
2017-12-19 17:08:00 0.04526666666666667 0.04524 0.04528 66 6
2017-12-19 17:09:00 0.04524 0.04524 0.04524 50 4
2017-12-19 17:11:00 0.04524 0.04524 0.04524 100 18
2017-12-19 17:12:00 0.04532666666666666 0.04528 0.04535 66 6
2017-12-19 17:13:00 0.04522 0.04522 0.04522 0 6
2017-12-19 17:14:00 0.04514416666666667 0.045 0.04531 0 36
2017-12-19 17:15:00 0.045545 0.04554 0.04555 100 7
2017-12-19 17:16:00 0.04572 0.04559 0.04585 100 5
2017-12-19 17:17:00 0.04511 0.04511 0.04511 100 3
2017-12-19 17:18:00 0.04576 0.04576 0.04576 100 15
2017-12-19 17:19:00 0.045810000000000003 0.04577 0.04585 100 3
2017-12-19 17:20:00 0.045745 0.04562 0.04587 50 3
2017-12-19 17:21:00 0.04563 0.04563 0.04563 0 3
2017-12-19 17:22:00 0.04568 0.04566 0.04571 33 7
2017-12-19 17:23:00 0.0454 0.0454 0.0454 0 1
2017-12-19 17:24:00 0.04550166666666666 0.04537 0.04558 66 9
2017-12-19 17:25:00 0.04545 0.04545 0.04545 0 2
2017-12-19 17:28:00 0.045472 0.0453 0.04574 30 35
2017-12-19 17:29:00 0.045586666666666664 0.04543 0.04567 66 13
2017-12-19 17:36:00 0.0456 0.0456 0.0456 0 3
2017-12-19 17:38:00 0.045595 0.04559 0.0456 100 8
2017-12-19 17:39:00 0.045649999999999996 0.04561 0.04569 50 2
2017-12-19 17:47:00 0.04548333333333334 0.0453 0.04565 0 8
2017-12-19 17:52:00 0.04582 0.04582 0.04582 100 1
2017-12-19 17:53:00 0.045779999999999994 0.04553 0.04587 83 103
2017-12-19 17:57:00 0.04584 0.04584 0.04584 100 1
2017-12-19 17:58:00 0.04555 0.04555 0.04555 0 1
2017-12-19 18:00:00 0.04558 0.04558 0.04558 0 2
2017-12-19 18:05:00 0.0457 0.0457 0.0457 100 4
2017-12-19 18:06:00 0.0457 0.0457 0.0457 100 3
2017-12-19 18:08:00 0.04569 0.04569 0.04569 0 1
2017-12-19 18:09:00 0.04575 0.04575 0.04575 100 5
2017-12-19 18:10:00 0.04575 0.04575 0.04575 100 13
2017-12-19 18:11:00 0.04580833333333334 0.04576 0.04587 100 9
2017-12-19 18:12:00 0.045554 0.04543 0.04576 0 20
2017-12-19 18:14:00 0.045715000000000006 0.04569 0.04574 100 5
2017-12-19 18:15:00 0.046028 0.04586 0.04618 100 11
2017-12-19 18:17:00 0.04614 0.04614 0.04614 100 5
2017-12-19 18:18:00 0.04614 0.04614 0.04614 100 5
2017-12-19 18:19:00 0.04613 0.04613 0.04613 100 1
2017-12-19 18:20:00 0.04567 0.04567 0.04567 100 1
2017-12-19 18:28:00 0.04607 0.046 0.04614 50 3
2017-12-19 18:29:00 0.04588 0.04588 0.04588 0 1
2017-12-19 18:31:00 0.046155999999999996 0.04614 0.04618 100 52
2017-12-19 18:32:00 0.04616 0.04616 0.04616 100 1
2017-12-19 18:33:00 0.04617 0.04617 0.04617 100 3
2017-12-19 18:34:00 0.04583 0.04583 0.04583 0 2
2017-12-19 18:36:00 0.04587 0.04587 0.04587 0 1
2017-12-19 18:39:00 0.04599 0.04599 0.04599 100 3
2017-12-19 18:41:00 0.04599 0.04599 0.04599 100 1
2017-12-19 18:43:00 0.04599 0.04599 0.04599 100 80
2017-12-19 18:44:00 0.046 0.046 0.046 100 10
2017-12-19 18:48:00 0.046075000000000005 0.04598 0.04617 50 5
2017-12-19 18:49:00 0.04617 0.04617 0.04617 100 1
2017-12-19 18:50:00 0.046163333333333334 0.04616 0.04617 100 51
2017-12-19 18:52:00 0.04617 0.04617 0.04617 100 1
2017-12-19 18:53:00 0.046134999999999995 0.04613 0.04614 100 12
2017-12-19 18:59:00 0.0462 0.0462 0.0462 100 10
2017-12-19 19:01:00 0.0462 0.0462 0.0462 100 1
2017-12-19 19:02:00 0.0462 0.0462 0.0462 100 3
2017-12-19 19:06:00 0.046195 0.04619 0.0462 100 7
2017-12-19 19:07:00 0.0461975 0.04619 0.0462 100 23
2017-12-19 19:08:00 0.0462 0.0462 0.0462 100 12
2017-12-19 19:10:00 0.0462 0.0462 0.0462 100 10
2017-12-19 19:11:00 0.0462 0.0462 0.0462 100 3
2017-12-19 19:12:00 0.046189999999999995 0.04618 0.0462 50 4
2017-12-19 19:13:00 0.0462 0.0462 0.0462 100 1
2017-12-19 19:16:00 0.04605 0.0459 0.0462 50 2
2017-12-19 19:18:00 0.04626 0.04626 0.04626 100 3
2017-12-19 19:19:00 0.04626 0.04626 0.04626 100 7
2017-12-19 19:20:00 0.046253333333333334 0.04625 0.04626 66 25
2017-12-19 19:21:00 0.04625 0.04625 0.04625 100 15
2017-12-19 19:22:00 0.0463 0.0463 0.0463 100 1
2017-12-19 19:23:00 0.046395 0.04638 0.04641 100 6
2017-12-19 19:24:00 0.0464 0.0464 0.0464 0 1
2017-12-19 19:25:00 0.04648 0.04642 0.04664 100 12
2017-12-19 19:26:00 0.04665333333333333 0.04665 0.04666 100 11
2017-12-19 19:28:00 0.04663 0.04663 0.04663 100 10
2017-12-19 19:30:00 0.046645 0.04664 0.04665 100 6
2017-12-19 19:31:00 0.046505000000000005 0.0465 0.04651 0 3
2017-12-19 19:32:00 0.04622833333333334 0.04588 0.04663 8 56
2017-12-19 19:35:00 0.04635999999999999 0.04636 0.04636 100 20
2017-12-19 19:36:00 0.04637 0.04637 0.04637 0 1
2017-12-19 19:37:00 0.04628000000000001 0.04611 0.04637 0 13
2017-12-19 19:43:00 0.0462 0.0462 0.0462 100 2
2017-12-19 19:48:00 0.04654 0.0465 0.04658 100 12
2017-12-19 19:49:00 0.04666 0.04666 0.04666 100 1
2017-12-19 19:50:00 0.04631 0.04631 0.04631 0 7
2017-12-19 19:52:00 0.04673333333333334 0.04666 0.0468 100 65
2017-12-19 19:53:00 0.04669285714285714 0.04639 0.04687 71 32
2017-12-19 19:57:00 0.046485 0.04648 0.04649 0 2
2017-12-19 19:59:00 0.046443333333333336 0.04642 0.04648 0 10
2017-12-19 20:00:00 0.04675 0.04675 0.04675 100 3
2017-12-19 20:01:00 0.0465975 0.04659 0.04661 0 112
2017-12-19 20:04:00 0.04646 0.0464 0.04659 0 18
2017-12-19 20:05:00 0.046245 0.04613 0.04638 25 8
2017-12-19 20:06:00 0.04612833333333333 0.046 0.04633 0 12
2017-12-19 20:07:00 0.046314999999999995 0.04631 0.04632 100 10
2017-12-19 20:08:00 0.04614 0.04614 0.04614 0 2
2017-12-19 20:11:00 0.0465875 0.04629 0.0467 75 8
2017-12-19 20:13:00 0.04674999999999999 0.0467 0.04678 100 10
2017-12-19 20:14:00 0.0468125 0.04678 0.04687 100 30
2017-12-19 20:15:00 0.046865000000000004 0.04686 0.04687 100 90
2017-12-19 20:16:00 0.04698363636363636 0.04689 0.047 100 47
2017-12-19 20:17:00 0.04653 0.04632 0.04669 0 55
2017-12-19 20:18:00 0.046970000000000005 0.04696 0.04698 100 10
2017-12-20 00:28:00 0.04529 0.04529 0.04529 100 5
2017-12-20 00:30:00 0.045604 0.04483 0.0458 60 124
2017-12-20 00:31:00 0.04575666666666667 0.04567 0.0458 33 25
2017-12-20 00:33:00 0.04559 0.04553 0.04568 16 64
2017-12-20 00:38:00 0.04482666666666666 0.04444 0.04556 16 36
2017-12-20 00:39:00 0.04445 0.04445 0.04445 0 5
2017-12-20 00:40:00 0.045783333333333336 0.0456 0.04599 100 105
2017-12-20 00:42:00 0.04445 0.04445 0.04445 0 21
2017-12-20 00:44:00 0.04448 0.04448 0.04448 0 4
2017-12-20 00:45:00 0.0445 0.0445 0.0445 0 1
2017-12-20 00:46:00 0.04451 0.04451 0.04451 0 1
2017-12-20 00:47:00 0.04512333333333334 0.04494 0.04522 66 4
2017-12-20 00:48:00 0.04555 0.04555 0.04555 100 70
2017-12-20 00:49:00 0.04541 0.04541 0.04541 0 20
2017-12-20 00:50:00 0.045529999999999994 0.04553 0.04553 100 50
2017-12-20 00:51:00 0.04553 0.04553 0.04553 0 10
2017-12-20 00:52:00 0.045423333333333336 0.04539 0.04547 66 12
2017-12-20 00:53:00 0.04538 0.04538 0.04538 100 30
2017-12-20 00:54:00 0.045292 0.0452 0.04535 80 85
2017-12-20 00:55:00 0.04524 0.0452 0.04528 66 40
2017-12-20 00:56:00 0.045096000000000004 0.04499 0.04517 0 104
2017-12-20 00:57:00 0.0449 0.0449 0.0449 0 5
2017-12-20 00:58:00 0.04497625 0.04491 0.04524 37 41
2017-12-20 00:59:00 0.04474636363636364 0.04444 0.04492 0 104
2017-12-20 01:00:00 0.04478 0.04445 0.04511 50 2
2017-12-20 01:01:00 0.04507 0.04507 0.04507 100 1
2017-12-20 01:02:00 0.04476 0.04446 0.04506 50 2
2017-12-20 01:03:00 0.04504 0.04504 0.04504 100 1
2017-12-20 01:04:00 0.045475 0.04546 0.04549 100 4
2017-12-20 01:05:00 0.045489999999999996 0.04545 0.04556 100 15
2017-12-20 01:07:00 0.0455 0.0455 0.0455 100 4
2017-12-20 01:09:00 0.04574 0.04574 0.04574 100 1
2017-12-20 01:13:00 0.04596 0.0459 0.04599 66 39
2017-12-20 01:14:00 0.045995 0.04599 0.046 100 2
2017-12-20 01:16:00 0.04598333333333334 0.04598 0.04599 66 65
2017-12-20 01:17:00 0.04599 0.04599 0.04599 100 10
2017-12-20 01:18:00 0.045994 0.04599 0.046 100 40
2017-12-20 01:19:00 0.045736666666666655 0.04555 0.04591 0 27
2017-12-20 01:21:00 0.046115 0.0461 0.04613 100 31
2017-12-20 01:23:00 0.0460825 0.04592 0.04637 100 10
2017-12-20 01:24:00 0.04636 0.04636 0.04636 100 1
2017-12-20 01:25:00 0.046 0.046 0.046 0 20
2017-12-20 01:27:00 0.046130000000000004 0.04611 0.04615 100 6
2017-12-20 01:28:00 0.04611 0.04611 0.04611 100 2
2017-12-20 01:29:00 0.04615 0.04615 0.04615 100 18
2017-12-20 01:30:00 0.046283333333333336 0.04616 0.04635 66 3
2017-12-20 01:33:00 0.04594 0.04594 0.04594 0 57
2017-12-20 01:34:00 0.04555714285714285 0.04526 0.04581 0 30
2017-12-20 01:35:00 0.045919999999999996 0.04592 0.04592 100 20
2017-12-20 01:36:00 0.046143333333333335 0.04608 0.04625 100 4
2017-12-20 01:38:00 0.046244285714285724 0.04615 0.04631 71 16
2017-12-20 01:39:00 0.04637 0.04637 0.04637 100 4
2017-12-20 01:40:00 0.04635 0.04635 0.04635 100 2
2017-12-20 01:41:00 0.04617 0.04617 0.04617 100 1
2017-12-20 01:43:00 0.04592 0.04592 0.04592 0 1
2017-12-20 01:45:00 0.04591 0.04591 0.04591 0 1
2017-12-20 01:47:00 0.04624333333333333 0.04615 0.04633 100 13
2017-12-20 01:49:00 0.046185 0.04598 0.04635 50 35
2017-12-20 01:52:00 0.046555217391304346 0.04635 0.04671 78 132
2017-12-20 01:53:00 0.04633 0.04633 0.04633 100 1
2017-12-20 01:54:00 0.04634 0.04634 0.04634 50 4
2017-12-20 01:55:00 0.04676 0.04676 0.04676 100 1
2017-12-20 01:56:00 0.04676 0.04676 0.04676 100 15
2017-12-20 02:02:00 0.046836666666666665 0.0468 0.04688 100 21
2017-12-20 02:05:00 0.04688 0.04688 0.04688 100 5
2017-12-20 02:07:00 0.04686 0.04686 0.04686 100 3
2017-12-20 02:08:00 0.04653 0.04652 0.04654 0 5
2017-12-20 02:09:00 0.04652 0.04652 0.04652 0 1
2017-12-20 02:10:00 0.04645333333333334 0.04633 0.04656 0 3
2017-12-20 02:11:00 0.04667153846153845 0.04618 0.04683 69 183
2017-12-20 02:13:00 0.04619 0.04619 0.04619 0 3
2017-12-20 02:14:00 0.046375 0.04619 0.04656 50 2
2017-12-20 02:15:00 0.046585 0.04652 0.04665 50 4
2017-12-20 02:17:00 0.04687 0.04673 0.04698 100 47
2017-12-20 02:18:00 0.04686333333333334 0.04678 0.04694 66 8
2017-12-20 02:19:00 0.04673857142857144 0.04647 0.04685 42 69
2017-12-20 02:24:00 0.04664999999999999 0.04652 0.04688 71 13
2017-12-20 02:26:00 0.04687666666666667 0.04685 0.0469 100 120
2017-12-20 02:30:00 0.0467 0.0467 0.0467 100 60
2017-12-20 02:31:00 0.04658714285714286 0.04649 0.04665 0 100
2017-12-20 02:33:00 0.046595 0.0465 0.04669 50 8
2017-12-20 02:34:00 0.0467 0.0467 0.0467 100 1
2017-12-20 02:40:00 0.04669333333333334 0.04669 0.0467 100 5
2017-12-20 02:41:00 0.046814999999999996 0.0467 0.0469 100 40
2017-12-20 02:42:00 0.04674 0.04674 0.04674 0 1
2017-12-20 02:48:00 0.0469 0.0469 0.0469 100 50
2017-12-20 02:51:00 0.046848749999999995 0.0468 0.0469 100 60
2017-12-20 02:55:00 0.046356999999999995 0.04618 0.04656 0 38
2017-12-20 02:58:00 0.0461225 0.04601 0.04624 50 43
2017-12-20 03:02:00 0.04637 0.04637 0.04637 100 1
2017-12-20 03:06:00 0.04635 0.04635 0.04635 100 1
2017-12-20 03:07:00 0.046314999999999995 0.04631 0.04632 50 3
2017-12-20 03:09:00 0.046335 0.04631 0.04636 50 2
2017-12-20 03:10:00 0.04636 0.04636 0.04636 100 1
2017-12-20 03:11:00 0.04631 0.04631 0.04631 0 1
2017-12-20 03:16:00 0.04616 0.04616 0.04616 0 1
2017-12-20 03:18:00 0.04638 0.04638 0.04638 100 3
2017-12-20 03:19:00 0.04638 0.04638 0.04638 100 9
2017-12-20 03:20:00 0.04638 0.04638 0.04638 100 3
2017-12-20 03:21:00 0.04638 0.04638 0.04638 100 11
2017-12-20 03:22:00 0.046375 0.04637 0.04638 100 4
2017-12-20 03:30:00 0.04638 0.04638 0.04638 100 4
2017-12-20 03:38:00 0.04638 0.04638 0.04638 100 1
2017-12-20 03:39:00 0.04638 0.04638 0.04638 100 3
2017-12-20 03:46:00 0.04652 0.04652 0.04652 0 1
2017-12-20 03:57:00 0.04654 0.04654 0.04654 0 1
2017-12-20 03:59:00 0.04658 0.04658 0.04658 0 1
2017-12-20 04:02:00 0.04678 0.04678 0.04678 100 1
2017-12-20 04:03:00 0.046771818181818185 0.0466 0.04695 63 19
2017-12-20 04:06:00 0.046738333333333326 0.04665 0.04686 0 34
2017-12-20 04:07:00 0.04664 0.04664 0.04664 0 1
2017-12-20 04:08:00 0.04644 0.04644 0.04644 0 2
2017-12-20 04:09:00 0.04643 0.04643 0.04643 0 3
2017-12-20 04:10:00 0.04632 0.04632 0.04632 0 5
2017-12-20 04:11:00 0.04636 0.04636 0.04636 0 2
2017-12-20 04:12:00 0.0463 0.0463 0.0463 0 1
2017-12-20 04:13:00 0.04632 0.04632 0.04632 0 2
2017-12-20 04:14:00 0.04632 0.04632 0.04632 0 1
2017-12-20 04:15:00 0.04632 0.04632 0.04632 0 2
2017-12-20 04:16:00 0.04658 0.04658 0.04658 100 4
2017-12-20 04:18:00 0.04667000000000001 0.04666 0.04668 100 6
2017-12-20 04:22:00 0.0463 0.0463 0.0463 0 1
2017-12-20 04:23:00 0.04615333333333333 0.04602 0.04624 0 16
2017-12-20 04:34:00 0.04644 0.04644 0.04644 100 1
2017-12-20 04:42:00 0.04641 0.04637 0.04648 100 11
2017-12-20 04:44:00 0.0466 0.0466 0.0466 100 1
2017-12-20 04:51:00 0.04659 0.04659 0.04659 100 20
2017-12-20 04:52:00 0.04647 0.04647 0.04647 0 1
2017-12-20 04:53:00 0.04647 0.04647 0.04647 0 4
2017-12-20 04:56:00 0.04651333333333333 0.04647 0.04656 100 4
2017-12-20 05:02:00 0.04657 0.04656 0.04658 100 20
2017-12-20 05:03:00 0.04657 0.04657 0.04657 100 10
2017-12-20 05:09:00 0.04654875000000001 0.04649 0.04658 50 89
2017-12-20 05:14:00 0.04657 0.04657 0.04657 100 3
2017-12-20 05:19:00 0.046575000000000005 0.04657 0.04658 100 6
2017-12-20 05:20:00 0.04657 0.04657 0.04657 100 6
2017-12-20 05:21:00 0.04657 0.04657 0.04657 100 3
2017-12-20 05:22:00 0.04657 0.04657 0.04657 100 3
2017-12-20 05:23:00 0.04671571428571429 0.04657 0.04697 100 23
2017-12-20 05:24:00 0.04697 0.04697 0.04697 100 8
2017-12-20 05:25:00 0.04697 0.04697 0.04697 100 1
2017-12-20 05:29:00 0.04662 0.04662 0.04662 0 1
2017-12-20 05:31:00 0.04698142857142856 0.04695 0.047 100 25
2017-12-20 05:35:00 0.04677 0.04677 0.04677 0 4
2017-12-20 05:44:00 0.04690666666666667 0.04686 0.04699 100 15
2017-12-20 05:45:00 0.04685 0.04685 0.04685 0 4
2017-12-20 05:51:00 0.04695 0.04695 0.04695 0 2
2017-12-20 05:53:00 0.046993999999999994 0.04698 0.047 100 10
2017-12-20 05:54:00 0.046985 0.04698 0.04699 100 2
2017-12-20 05:55:00 0.04691 0.04691 0.04691 0 2
2017-12-20 05:56:00 0.04696999999999999 0.04697 0.04697 100 12
2017-12-20 05:57:00 0.046994999999999995 0.04699 0.047 100 10
2017-12-20 05:59:00 0.04693 0.04693 0.04693 0 3
2017-12-20 06:00:00 0.047095 0.047 0.04717 100 35
2017-12-20 06:01:00 0.04717 0.04717 0.04717 100 5
2017-12-20 06:02:00 0.04705 0.04705 0.04705 0 1
2017-12-20 06:04:00 0.04689 0.04689 0.04689 0 1
2017-12-20 06:05:00 0.0469 0.0469 0.0469 0 3
2017-12-20 06:08:00 0.047055 0.04705 0.04706 100 7
2017-12-20 06:09:00 0.047 0.047 0.047 0 5
2017-12-20 06:11:00 0.047012 0.04689 0.04706 80 109
2017-12-20 06:12:00 0.0469 0.0469 0.0469 100 1
2017-12-20 06:13:00 0.0467875 0.04676 0.04684 25 43
2017-12-20 06:14:00 0.046744999999999995 0.04674 0.04675 0 14
2017-12-20 06:17:00 0.0469 0.0469 0.0469 100 1
2017-12-20 06:18:00 0.0466775 0.04664 0.04671 0 15
2017-12-20 06:19:00 0.046573333333333335 0.04656 0.04658 0 50
2017-12-20 06:23:00 0.04653 0.04653 0.04653 0 1
2017-12-20 06:24:00 0.0467 0.0467 0.0467 100 2
2017-12-20 06:26:00 0.04709833333333333 0.04703 0.0472 100 70
2017-12-20 06:27:00 0.0472 0.0472 0.0472 100 5
2017-12-20 06:29:00 0.0470975 0.04709 0.0471 100 7
2017-12-20 06:32:00 0.04695 0.04693 0.04697 0 9
2017-12-20 06:33:00 0.046787499999999996 0.04671 0.04682 0 100
2017-12-20 06:34:00 0.04647333333333333 0.04632 0.04664 0 31
2017-12-20 06:36:00 0.04664 0.04664 0.04664 0 1
2017-12-20 06:37:00 0.04671 0.04671 0.04671 100 1
2017-12-20 06:38:00 0.04698 0.04698 0.04698 100 1
2017-12-20 06:39:00 0.0468 0.0468 0.0468 0 2
2017-12-20 06:40:00 0.04696 0.0469 0.04702 100 4
2017-12-20 06:41:00 0.0469 0.0469 0.0469 0 3
2017-12-20 06:42:00 0.0469 0.0469 0.0469 0 10
2017-12-20 06:44:00 0.047047500000000006 0.04704 0.04705 100 25
2017-12-20 06:45:00 0.04705 0.04705 0.04705 100 16
2017-12-20 06:46:00 0.04705 0.04705 0.04705 100 35
2017-12-20 06:53:00 0.04671375 0.04666 0.04679 37 76
2017-12-20 06:54:00 0.046641666666666665 0.04651 0.04667 83 13
2017-12-20 06:55:00 0.04667 0.04667 0.04667 100 3
2017-12-20 06:57:00 0.0466675 0.04666 0.04667 100 9
2017-12-20 06:58:00 0.04667 0.04667 0.04667 100 5
2017-12-20 07:01:00 0.046744999999999995 0.04674 0.04675 0 5
2017-12-20 07:09:00 0.0468 0.0468 0.0468 0 3
2017-12-20 07:12:00 0.04675 0.04675 0.04675 0 12
2017-12-20 07:13:00 0.04667333333333334 0.04663 0.04671 0 17
2017-12-20 07:15:00 0.04675 0.04675 0.04675 0 2
2017-12-20 07:17:00 0.046674999999999994 0.04661 0.04674 50 2
2017-12-20 07:18:00 0.046605 0.0466 0.04661 0 3
2017-12-20 07:19:00 0.04650666666666666 0.0465 0.04652 0 11
2017-12-20 07:22:00 0.04646 0.04646 0.04646 0 3
2017-12-20 07:23:00 0.04644666666666667 0.04644 0.04646 33 47
2017-12-20 07:24:00 0.04639 0.04632 0.04646 100 72
2017-12-20 07:26:00 0.04619 0.04619 0.04619 0 10
2017-12-20 07:27:00 0.0463 0.0463 0.0463 100 8
2017-12-20 07:29:00 0.04622 0.04622 0.04622 100 1
2017-12-20 07:32:00 0.04628 0.04628 0.04628 100 3
2017-12-20 07:34:00 0.04656 0.04656 0.04656 100 1
2017-12-20 07:37:00 0.04653833333333333 0.04635 0.0467 100 40
2017-12-20 07:46:00 0.04659 0.04659 0.04659 0 2
2017-12-20 07:53:00 0.0467 0.0467 0.0467 100 1
2017-12-20 07:56:00 0.047043999999999996 0.0469 0.04729 100 113
2017-12-20 07:57:00 0.04719 0.04705 0.04729 100 10
2017-12-20 08:00:00 0.04727 0.04725 0.04729 100 25
2017-12-20 08:11:00 0.047075 0.04707 0.04708 0 5
2017-12-20 08:12:00 0.04722 0.04722 0.04722 100 1
2017-12-20 08:16:00 0.04692 0.04692 0.04692 0 4
2017-12-20 08:17:00 0.046845 0.04682 0.0469 0 8
2017-12-20 08:18:00 0.04710374999999999 0.04694 0.04729 100 40
2017-12-20 08:27:00 0.047 0.047 0.047 100 3
2017-12-20 08:28:00 0.047 0.047 0.047 100 3
2017-12-20 08:31:00 0.04723333333333333 0.0472 0.04726 100 30
2017-12-20 08:33:00 0.04716 0.04716 0.04716 100 8
2017-12-20 08:34:00 0.047262000000000005 0.04716 0.0473 100 40
2017-12-20 08:35:00 0.0473 0.0473 0.0473 100 1
2017-12-20 08:36:00 0.0473 0.0473 0.0473 100 1
2017-12-20 08:37:00 0.0471 0.0471 0.0471 100 10
2017-12-20 08:38:00 0.04691666666666666 0.04688 0.04698 0 112
2017-12-20 08:41:00 0.04698 0.04698 0.04698 100 75
2017-12-20 08:42:00 0.04684 0.04681 0.04688 0 10
2017-12-20 08:43:00 0.04692 0.04692 0.04692 100 5
2017-12-20 08:44:00 0.04682333333333333 0.04682 0.04683 0 20
2017-12-20 08:45:00 0.04696 0.04692 0.04704 100 100
2017-12-20 08:48:00 0.04699 0.04699 0.04699 0 17
2017-12-20 08:51:00 0.04709 0.04709 0.04709 100 3
2017-12-20 08:52:00 0.047095 0.04709 0.0471 100 5
2017-12-20 08:54:00 0.047111428571428575 0.04706 0.04714 71 15
2017-12-20 09:01:00 0.04705 0.04705 0.04705 0 6
2017-12-20 09:06:00 0.04709666666666667 0.04704 0.04713 66 30
2017-12-20 09:08:00 0.04714 0.04714 0.04714 100 2
2017-12-20 09:11:00 0.047009999999999996 0.047 0.04702 33 10
2017-12-20 09:12:00 0.047 0.047 0.047 100 1
2017-12-20 09:25:00 0.04703 0.04703 0.04703 100 3
2017-12-20 09:28:00 0.047 0.047 0.047 0 3
2017-12-20 09:29:00 0.04699 0.04699 0.04699 0 4
2017-12-20 09:31:00 0.047 0.047 0.047 0 2
2017-12-20 09:36:00 0.04699 0.04699 0.04699 50 6
2017-12-20 09:39:00 0.04701 0.04701 0.04701 0 1
2017-12-20 09:43:00 0.04706 0.04706 0.04706 0 1
2017-12-20 09:46:00 0.04703 0.04703 0.04703 0 1
2017-12-20 09:51:00 0.04707 0.04707 0.04707 100 5
2017-12-20 09:57:00 0.047119999999999995 0.0471 0.04714 100 4
2017-12-20 09:58:00 0.04712666666666667 0.04709 0.04715 66 12
2017-12-20 09:59:00 0.04709 0.04709 0.04709 0 5
2017-12-20 10:02:00 0.04709 0.04709 0.04709 0 6
2017-12-20 10:05:00 0.0471 0.0471 0.0471 0 7
2017-12-20 10:19:00 0.04709666666666667 0.04709 0.0471 0 16
2017-12-20 10:23:00 0.047005 0.04699 0.04702 0 23
2017-12-20 10:25:00 0.0466225 0.0463 0.04691 0 32
2017-12-20 10:27:00 0.04682 0.04682 0.04682 100 2
2017-12-20 10:29:00 0.04665 0.04665 0.04665 0 1
2017-12-20 10:32:00 0.046865000000000004 0.04686 0.04687 100 5
2017-12-20 10:35:00 0.046747142857142855 0.04667 0.0468 57 72
2017-12-20 10:36:00 0.04683 0.04683 0.04683 100 1
2017-12-20 10:39:00 0.046725 0.0467 0.04675 50 2
2017-12-20 10:40:00 0.0467 0.0467 0.0467 0 1
2017-12-20 10:44:00 0.04669 0.04669 0.04669 0 1
2017-12-20 10:46:00 0.04649333333333333 0.04649 0.0465 0 10
2017-12-20 10:50:00 0.04656 0.04656 0.04656 0 5
2017-12-20 10:54:00 0.04657166666666667 0.04648 0.04664 83 31
2017-12-20 11:03:00 0.04669 0.04669 0.04669 100 1
2017-12-20 11:08:00 0.046758 0.0467 0.0468 100 7
2017-12-20 11:09:00 0.0468 0.0468 0.0468 100 40
2017-12-20 11:15:00 0.04679 0.04679 0.04679 100 1
2017-12-20 11:24:00 0.046759999999999996 0.04672 0.0468 50 31
2017-12-20 11:32:00 0.0468 0.0468 0.0468 100 14
2017-12-20 11:53:00 0.04664 0.04664 0.04664 100 10
2017-12-20 11:55:00 0.04663 0.04663 0.04663 100 1
2017-12-20 11:57:00 0.046704999999999997 0.04668 0.04673 100 10
2017-12-20 11:59:00 0.0468 0.0468 0.0468 100 10
2017-12-20 12:01:00 0.046664 0.04661 0.04672 0 68
2017-12-20 12:16:00 0.04695 0.0469 0.04701 100 23
2017-12-20 12:19:00 0.04718 0.04718 0.04718 100 10
2017-12-20 12:20:00 0.0471 0.0471 0.0471 100 5
2017-12-20 12:21:00 0.04716 0.04716 0.04716 100 6
2017-12-20 12:22:00 0.0472 0.0472 0.0472 100 1
2017-12-20 12:28:00 0.047066666666666666 0.04694 0.04713 0 4
2017-12-20 12:29:00 0.04694 0.04694 0.04694 0 8
2017-12-20 12:30:00 0.04704 0.04704 0.04704 100 7
2017-12-20 12:32:00 0.04701 0.04701 0.04701 100 7
2017-12-20 12:38:00 0.046748 0.04668 0.04683 0 75
2017-12-20 12:45:00 0.0466 0.0466 0.0466 0 1
2017-12-20 12:50:00 0.04670333333333333 0.04655 0.04685 66 101
2017-12-20 12:51:00 0.046625 0.04662 0.04663 0 5
2017-12-20 12:52:00 0.046656249999999996 0.04655 0.0468 50 50
2017-12-20 12:53:00 0.046533333333333336 0.0465 0.04655 0 6
2017-12-20 12:54:00 0.04662 0.0466 0.04664 100 20
2017-12-20 12:58:00 0.04643 0.04643 0.04643 0 1
2017-12-20 12:59:00 0.04643 0.04643 0.04643 0 6
2017-12-20 13:00:00 0.046386666666666666 0.04634 0.04642 0 40
2017-12-20 13:06:00 0.04667 0.04667 0.04667 0 2
2017-12-20 13:08:00 0.04681 0.04681 0.04681 100 1
2017-12-20 13:09:00 0.04676 0.04676 0.04676 100 1
2017-12-20 13:11:00 0.046683333333333334 0.04667 0.04669 0 8
2017-12-20 13:22:00 0.04667 0.04667 0.04667 100 3
2017-12-20 13:24:00 0.046634999999999996 0.04663 0.04664 100 6
2017-12-20 13:27:00 0.04661 0.04661 0.04661 0 1
2017-12-20 13:33:00 0.04663 0.04663 0.04663 100 5
2017-12-20 13:34:00 0.04663 0.04663 0.04663 100 1
2017-12-20 13:36:00 0.046555 0.0465 0.04661 0 23
2017-12-20 13:39:00 0.04663 0.04663 0.04663 100 3
2017-12-20 13:44:00 0.04689 0.04689 0.04689 100 28
2017-12-20 13:45:00 0.04654 0.0465 0.04658 0 40
2017-12-20 13:47:00 0.04675 0.04675 0.04675 100 30
2017-12-20 13:48:00 0.04677 0.04677 0.04677 100 30
2017-12-20 13:50:00 0.04689 0.04689 0.04689 100 40
2017-12-20 13:51:00 0.04688 0.04684 0.0469 50 52
2017-12-20 13:53:00 0.046795 0.04676 0.04683 0 30
2017-12-20 13:54:00 0.04676 0.04676 0.04676 0 20
2017-12-20 13:55:00 0.0469 0.0469 0.0469 100 8
2017-12-20 13:56:00 0.046896 0.04676 0.04698 80 21
2017-12-20 14:01:00 0.046505 0.04641 0.04663 16 71
2017-12-20 14:05:00 0.04659166666666667 0.04647 0.04663 83 49
2017-12-20 14:06:00 0.04684299999999999 0.04663 0.047 100 105
2017-12-20 14:08:00 0.046845 0.04671 0.04698 50 2
2017-12-20 14:09:00 0.04670666666666667 0.04669 0.04672 0 25
2017-12-20 14:23:00 0.0467475 0.0467 0.04678 75 29
2017-12-20 14:25:00 0.046714 0.04657 0.04679 20 93
2017-12-20 14:26:00 0.046505000000000005 0.0465 0.04651 0 20
2017-12-20 14:27:00 0.04675 0.04675 0.04675 100 23
2017-12-20 14:28:00 0.046525 0.04652 0.04653 0 71
2017-12-20 14:31:00 0.046515 0.0465 0.04653 0 4
2017-12-20 14:33:00 0.04657 0.04657 0.04657 100 23
2017-12-20 14:36:00 0.04651 0.04651 0.04651 0 7
2017-12-20 14:37:00 0.04659 0.04659 0.04659 100 23
2017-12-20 14:38:00 0.046585 0.04658 0.04659 0 18
2017-12-20 14:45:00 0.04657 0.04657 0.04657 0 2
2017-12-20 14:48:00 0.0469825 0.0469 0.04704 100 40
2017-12-20 14:58:00 0.047049999999999995 0.04704 0.04706 100 6
2017-12-20 14:59:00 0.0471 0.04706 0.04714 100 4
2017-12-20 15:03:00 0.04706 0.04706 0.04706 100 1
2017-12-20 15:08:00 0.04715333333333333 0.04712 0.04719 66 14
2017-12-20 15:09:00 0.04719 0.04719 0.04719 100 2
2017-12-20 15:10:00 0.047216666666666664 0.04719 0.04723 100 6
2017-12-20 15:11:00 0.047382 0.04736 0.0474 100 25
2017-12-20 15:12:00 0.047452 0.0474 0.04749 100 26
2017-12-20 15:13:00 0.047501249999999995 0.04749 0.04753 100 70
2017-12-20 15:14:00 0.0476525 0.04758 0.0477 100 22
2017-12-20 15:15:00 0.0477 0.0477 0.0477 100 11
2017-12-20 15:16:00 0.04776 0.0477 0.04782 100 5
2017-12-20 15:17:00 0.04792428571428571 0.04786 0.048 71 39
2017-12-20 15:18:00 0.04785 0.04785 0.04785 0 4
2017-12-20 15:19:00 0.047924999999999995 0.04785 0.048 100 4
2017-12-20 15:20:00 0.04789 0.04788 0.0479 0 10
2017-12-20 15:21:00 0.047953749999999996 0.04786 0.048 75 45
2017-12-20 15:22:00 0.048159999999999994 0.04814 0.04819 50 45
2017-12-20 15:23:00 0.048265 0.04823 0.0483 100 4
2017-12-20 15:24:00 0.04827 0.04827 0.04827 100 6
2017-12-20 15:25:00 0.04815 0.04815 0.04815 0 10
2017-12-20 15:26:00 0.048138 0.0481 0.04817 60 60
2017-12-20 15:27:00 0.048214999999999994 0.04817 0.04826 50 2
2017-12-20 15:28:00 0.04824 0.04824 0.04824 100 80
2017-12-20 15:29:00 0.04811666666666666 0.04801 0.04817 0 5
2017-12-20 15:30:00 0.048165 0.04814 0.04819 100 11
2017-12-20 15:33:00 0.04829 0.04829 0.04829 100 1
2017-12-20 15:36:00 0.04827666666666667 0.04825 0.0483 66 4
2017-12-20 15:37:00 0.048275 0.04825 0.0483 100 4
2017-12-20 15:38:00 0.04838111111111111 0.04828 0.0485 66 25
2017-12-20 15:39:00 0.0485 0.0485 0.0485 0 10
2017-12-20 15:40:00 0.04853 0.04853 0.04853 100 3
2017-12-20 15:41:00 0.0486588888888889 0.04856 0.04875 88 127
2017-12-20 15:42:00 0.04877 0.04875 0.04879 0 20
2017-12-20 15:43:00 0.0486275 0.04853 0.04878 12 61
2017-12-20 15:44:00 0.04851 0.04851 0.04851 0 10
2017-12-20 15:45:00 0.048487777777777775 0.0484 0.04863 11 77
2017-12-20 15:46:00 0.04863 0.04863 0.04863 100 3
2017-12-20 15:47:00 0.04867 0.04864 0.04869 100 60
2017-12-20 15:48:00 0.048712 0.0487 0.04874 20 106
2017-12-20 15:49:00 0.048792999999999996 0.0487 0.0489 90 131
2017-12-20 15:50:00 0.04886375 0.04877 0.0489 100 74
2017-12-20 15:54:00 0.04861714285714286 0.04815 0.04897 28 40
2017-12-20 15:56:00 0.048615000000000005 0.04852 0.04871 100 3
2017-12-20 15:58:00 0.048468750000000005 0.04846 0.04848 0 62
2017-12-20 15:59:00 0.04846 0.04846 0.04846 0 30
2017-12-20 16:00:00 0.048335 0.04825 0.04846 25 25
2017-12-20 16:01:00 0.0482 0.0482 0.0482 0 11
2017-12-20 16:02:00 0.04829 0.04829 0.04829 100 4
2017-12-20 16:03:00 0.048229999999999995 0.04819 0.04826 66 24
2017-12-20 16:05:00 0.048226 0.04821 0.04826 100 40
2017-12-20 16:07:00 0.0482925 0.04829 0.0483 100 61
2017-12-20 16:08:00 0.04828666666666667 0.04828 0.0483 100 80
2017-12-20 16:09:00 0.04833333333333333 0.04827 0.04838 66 4
2017-12-20 16:10:00 0.04820666666666667 0.04815 0.04828 0 60
2017-12-20 16:13:00 0.047972 0.04789 0.04815 20 63
2017-12-20 16:14:00 0.048015 0.04789 0.04814 50 11
2017-12-20 16:15:00 0.04757 0.04752 0.04762 0 26
2017-12-20 16:16:00 0.04752 0.04752 0.04752 0 1
2017-12-20 16:21:00 0.04793 0.04792 0.04795 66 11
2017-12-20 16:24:00 0.04789 0.04789 0.04789 100 5
2017-12-20 16:25:00 0.047904 0.04789 0.04794 100 16
2017-12-20 16:28:00 0.04798 0.04798 0.04798 100 1
2017-12-20 16:30:00 0.04795 0.04795 0.04795 0 1
2017-12-20 16:31:00 0.04814 0.04814 0.04814 100 1
2017-12-20 16:32:00 0.048275 0.04817 0.04838 50 2
2017-12-20 16:35:00 0.04814333333333334 0.04796 0.04825 0 5
2017-12-20 16:36:00 0.04853 0.04853 0.04853 100 1
2017-12-20 16:37:00 0.04825 0.04825 0.04825 100 9
2017-12-20 16:38:00 0.04818 0.04797 0.04836 0 130
2017-12-20 16:39:00 0.048045000000000004 0.04804 0.04805 50 31
