2017-12-18 16:46:00 0.01739 0.01739 0.01739 100 6
2017-12-18 16:47:00 0.01736 0.01736 0.01736 100 1
2017-12-18 16:53:00 0.01735 0.01735 0.01735 100 1
2017-12-18 16:56:00 0.017410000000000002 0.0174 0.01742 100 10
2017-12-18 16:59:00 0.01736 0.01736 0.01736 0 1
2017-12-18 17:00:00 0.017426666666666663 0.01741 0.01744 100 21
2017-12-18 17:01:00 0.017423333333333332 0.01739 0.01744 66 24
2017-12-18 17:03:00 0.01746 0.01743 0.01748 66 4
2017-12-18 17:04:00 0.01743 0.01743 0.01743 0 1
2017-12-18 17:07:00 0.0174925 0.01748 0.0175 100 10
2017-12-18 17:08:00 0.01755 0.01755 0.01755 100 3
2017-12-18 17:09:00 0.017644615384615384 0.01758 0.0177 84 277
2017-12-18 17:10:00 0.017711666666666667 0.0177 0.01773 83 197
2017-12-18 17:11:00 0.01771 0.0177 0.01772 50 53
2017-12-18 17:14:00 0.01771 0.01771 0.01771 100 1
2017-12-18 17:15:00 0.01769 0.01769 0.01769 0 4
2017-12-18 17:16:00 0.01765142857142857 0.01761 0.01769 0 55
2017-12-18 17:17:00 0.01766 0.01766 0.01766 100 1
2017-12-18 17:18:00 0.017657499999999996 0.01765 0.01766 100 30
2017-12-18 17:19:00 0.01767 0.01767 0.01767 100 6
2017-12-18 17:21:00 0.017584 0.01758 0.0176 0 96
2017-12-18 17:22:00 0.01758 0.01758 0.01758 0 44
2017-12-18 17:23:00 0.01753 0.0175 0.01758 25 18
2017-12-18 17:24:00 0.01753 0.01753 0.01753 100 4
2017-12-18 17:25:00 0.0175 0.0175 0.0175 0 1
2017-12-18 17:26:00 0.017609999999999997 0.01753 0.01772 75 210
2017-12-18 17:28:00 0.01772 0.01772 0.01772 100 1
2017-12-18 17:30:00 0.0177 0.0177 0.0177 100 20
2017-12-18 17:31:00 0.01768 0.01768 0.01768 100 30
2017-12-18 17:32:00 0.017572499999999998 0.01755 0.0176 0 90
2017-12-18 17:35:00 0.01754 0.01754 0.01754 0 2
2017-12-18 17:40:00 0.01754 0.01754 0.01754 0 1
2017-12-18 17:41:00 0.01754 0.01754 0.01754 0 2
2017-12-18 17:45:00 0.01762 0.01762 0.01762 100 5
2017-12-18 17:46:00 0.01756 0.01756 0.01756 0 3
2017-12-18 17:49:00 0.01759 0.01759 0.01759 0 3
2017-12-18 17:50:00 0.017554999999999998 0.01751 0.01761 16 51
2017-12-18 17:51:00 0.01758 0.01756 0.0176 50 5
2017-12-18 17:54:00 0.01756 0.01756 0.01756 0 10
2017-12-18 17:57:00 0.0176 0.0176 0.0176 100 9
2017-12-18 17:58:00 0.01757 0.01757 0.01757 0 1
2017-12-18 18:00:00 0.0176 0.0176 0.0176 100 1
2017-12-18 18:02:00 0.01760142857142857 0.01756 0.01765 71 26
2017-12-18 18:03:00 0.017681666666666665 0.01763 0.01773 83 40
2017-12-18 18:06:00 0.017688333333333337 0.01764 0.01774 100 90
2017-12-18 18:08:00 0.01763 0.01763 0.01763 0 1
2017-12-18 18:11:00 0.01764 0.01764 0.01764 100 3
2017-12-18 18:12:00 0.01764 0.01764 0.01764 100 26
2017-12-18 18:17:00 0.01764 0.01764 0.01764 0 1
2017-12-18 18:18:00 0.017675 0.01765 0.0177 50 3
2017-12-18 18:20:00 0.01773 0.01773 0.01773 100 5
2017-12-18 18:21:00 0.01773 0.01773 0.01773 100 1
2017-12-18 18:22:00 0.017656666666666668 0.01765 0.01767 0 22
2017-12-18 18:27:00 0.01765 0.01765 0.01765 0 2
2017-12-18 18:28:00 0.01765 0.01765 0.01765 0 1
2017-12-18 18:30:00 0.01773 0.01773 0.01773 100 1
2017-12-18 18:31:00 0.01759166666666666 0.01756 0.01765 0 144
2017-12-18 18:32:00 0.01755 0.01755 0.01755 0 1
2017-12-18 18:33:00 0.01755 0.01755 0.01755 0 1
2017-12-18 18:34:00 0.01753 0.01753 0.01753 0 1
2017-12-18 18:37:00 0.017505 0.0175 0.01751 0 32
2017-12-18 18:43:00 0.01749 0.01749 0.01749 0 4
2017-12-18 18:46:00 0.01773083333333333 0.01762 0.01777 100 87
2017-12-18 18:47:00 0.017786666666666666 0.01777 0.0178 100 54
2017-12-18 18:50:00 0.01779 0.01779 0.01779 100 20
2017-12-18 18:52:00 0.017736 0.01766 0.0178 30 225
2017-12-18 18:53:00 0.017752 0.01772 0.01778 40 33
2017-12-18 18:54:00 0.01779833333333333 0.01779 0.0178 100 89
2017-12-18 18:55:00 0.017910000000000002 0.0178 0.01799 100 337
2017-12-18 18:56:00 0.01798571428571429 0.01797 0.01799 71 133
2017-12-18 18:57:00 0.01796 0.01793 0.01799 60 17
2017-12-18 18:58:00 0.017866666666666666 0.01783 0.01789 0 34
2017-12-18 18:59:00 0.017845 0.01781 0.01788 50 106
2017-12-18 19:01:00 0.017986666666666668 0.01798 0.01799 100 15
2017-12-18 19:02:00 0.0179775 0.01797 0.01799 100 35
2017-12-18 19:03:00 0.017844285714285715 0.01781 0.01789 14 121
2017-12-18 19:04:00 0.01781 0.01781 0.01781 0 7
2017-12-18 19:05:00 0.01783 0.01781 0.01785 75 35
2017-12-18 19:06:00 0.01787 0.01787 0.01787 100 10
2017-12-18 19:07:00 0.01787 0.01787 0.01787 100 2
2017-12-18 19:09:00 0.017855 0.01772 0.01798 50 179
2017-12-18 19:10:00 0.017844285714285712 0.01776 0.0179 28 96
2017-12-18 19:12:00 0.01788 0.01788 0.01788 0 1
2017-12-18 19:14:00 0.0178725 0.01787 0.01788 100 60
2017-12-18 19:15:00 0.01786 0.01785 0.01788 40 5
2017-12-18 19:16:00 0.01785 0.01785 0.01785 0 18
2017-12-18 19:17:00 0.0178 0.0178 0.0178 100 37
2017-12-18 19:18:00 0.01788 0.0178 0.01792 100 41
2017-12-18 19:20:00 0.01782 0.01782 0.01782 0 1
2017-12-18 19:22:00 0.01789 0.01789 0.01789 100 8
2017-12-18 19:24:00 0.01778 0.01772 0.01785 25 11
2017-12-18 19:30:00 0.01775 0.01775 0.01775 0 2
2017-12-18 19:34:00 0.017705 0.01768 0.01775 0 150
2017-12-18 19:35:00 0.0177 0.0177 0.0177 100 83
2017-12-18 19:37:00 0.017796666666666665 0.01779 0.0178 100 12
2017-12-18 19:39:00 0.017626666666666665 0.01762 0.01763 0 50
2017-12-18 19:44:00 0.017603333333333335 0.01759 0.01762 0 56
2017-12-18 19:45:00 0.017585 0.01757 0.0176 50 13
2017-12-18 19:46:00 0.01756 0.01756 0.01756 0 1
2017-12-18 19:47:00 0.01757 0.01757 0.01757 0 1
2017-12-18 19:49:00 0.01773 0.01773 0.01773 100 4
2017-12-18 19:50:00 0.017745 0.01773 0.01776 100 20
2017-12-18 19:51:00 0.01765 0.01765 0.01765 0 1
2017-12-18 19:54:00 0.0177 0.01765 0.01775 50 2
2017-12-18 19:57:00 0.0177225 0.01764 0.01775 75 5
2017-12-18 20:06:00 0.01764 0.01764 0.01764 0 10
2017-12-18 20:07:00 0.01764 0.01764 0.01764 0 2
2017-12-18 20:08:00 0.017724999999999998 0.01772 0.01773 100 50
2017-12-18 20:10:00 0.01775 0.01775 0.01775 100 7
2017-12-18 20:11:00 0.01775 0.01775 0.01775 100 2
2017-12-18 20:14:00 0.017756666666666667 0.01775 0.01777 66 33
2017-12-18 20:17:00 0.01780666666666667 0.01774 0.01784 66 12
2017-12-18 20:18:00 0.017815 0.01779 0.01784 50 12
2017-12-18 20:19:00 0.017925714285714288 0.01788 0.018 85 130
2017-12-18 20:20:00 0.01791 0.01783 0.01803 28 82
2017-12-18 20:21:00 0.01783 0.01783 0.01783 0 3
2017-12-18 20:23:00 0.017970000000000003 0.01791 0.01802 100 33
2017-12-18 20:24:00 0.01803 0.01803 0.01803 100 10
2017-12-18 20:25:00 0.01808 0.01804 0.0181 100 114
2017-12-18 20:26:00 0.01803 0.01798 0.0181 33 14
2017-12-18 20:27:00 0.018026666666666667 0.01799 0.0181 33 107
2017-12-18 20:28:00 0.018147777777777777 0.0181 0.0182 100 63
2017-12-18 20:29:00 0.01819 0.01819 0.01819 100 5
2017-12-18 20:30:00 0.018300000000000004 0.01819 0.0184 92 128
2017-12-18 20:31:00 0.018395454545454545 0.01836 0.01841 72 59
2017-12-18 20:32:00 0.018396666666666665 0.0183 0.01847 40 209
2017-12-18 20:33:00 0.01831 0.01823 0.01841 50 74
2017-12-18 20:34:00 0.018465000000000002 0.01846 0.01848 100 11
2017-12-18 20:35:00 0.018330000000000003 0.01827 0.01845 33 4
2017-12-18 20:36:00 0.01836 0.01836 0.01836 0 1
2017-12-18 20:37:00 0.01846529411764706 0.01837 0.0185 94 126
2017-12-18 20:38:00 0.018368000000000002 0.01835 0.0184 20 35
2017-12-18 20:39:00 0.0183 0.0183 0.0183 0 4
2017-12-18 20:40:00 0.018378 0.01837 0.01838 80 30
2017-12-18 20:41:00 0.01839 0.0183 0.01846 83 60
2017-12-18 20:42:00 0.01832 0.0183 0.01834 50 17
2017-12-18 20:43:00 0.01834 0.01834 0.01834 100 25
2017-12-18 20:44:00 0.018357999999999996 0.01833 0.01841 60 125
2017-12-18 20:45:00 0.018434 0.01838 0.01846 80 26
2017-12-18 20:46:00 0.01846666666666667 0.01844 0.0185 100 5
2017-12-18 20:47:00 0.018536666666666667 0.01849 0.0186 100 253
2017-12-18 20:48:00 0.01849 0.01849 0.01849 100 1
2017-12-18 20:49:00 0.018516666666666664 0.01849 0.01856 33 32
2017-12-18 20:50:00 0.018586666666666665 0.01856 0.0186 100 29
2017-12-18 20:51:00 0.018564444444444442 0.01852 0.01862 22 201
2017-12-18 20:52:00 0.018682499999999998 0.01862 0.0187 100 54
2017-12-18 20:53:00 0.018714285714285715 0.0187 0.01873 28 73
2017-12-18 20:54:00 0.018723749999999997 0.0187 0.01877 37 74
2017-12-18 20:55:00 0.018613124999999998 0.01857 0.0187 18 116
2017-12-18 20:56:00 0.018590000000000002 0.01857 0.01864 50 19
2017-12-18 20:57:00 0.01855 0.01849 0.01859 0 83
2017-12-18 20:58:00 0.018516666666666664 0.01849 0.01856 33 19
2017-12-18 20:59:00 0.018436 0.01841 0.01846 20 38
2017-12-18 21:00:00 0.018358888888888886 0.01832 0.01842 11 137
2017-12-18 21:01:00 0.018342 0.01832 0.01837 40 15
2017-12-18 21:02:00 0.018372 0.01836 0.0184 100 39
2017-12-18 21:03:00 0.01842857142857143 0.01839 0.01853 92 250
2017-12-18 21:04:00 0.01864 0.01864 0.01864 100 1
2017-12-18 21:05:00 0.0185925 0.01854 0.01864 50 66
2017-12-18 21:06:00 0.018454285714285718 0.01839 0.0186 14 90
2017-12-18 21:07:00 0.01841 0.01839 0.01847 25 59
2017-12-18 21:08:00 0.018428 0.0184 0.01847 40 132
2017-12-18 21:09:00 0.0184175 0.01839 0.01847 25 47
2017-12-18 21:10:00 0.01839 0.01839 0.01839 0 10
2017-12-18 21:12:00 0.018430000000000002 0.0184 0.01846 50 7
2017-12-18 21:13:00 0.018448 0.01843 0.01846 100 175
2017-12-18 21:15:00 0.01847 0.01847 0.01847 100 1
2017-12-18 21:17:00 0.0184725 0.01847 0.01848 100 150
2017-12-18 21:19:00 0.01841 0.01841 0.01841 0 5
2017-12-18 21:20:00 0.018485 0.01846 0.01851 50 45
2017-12-18 21:21:00 0.01848 0.01848 0.01848 100 1
2017-12-18 21:22:00 0.01848 0.01848 0.01848 100 26
2017-12-18 21:23:00 0.01846666666666667 0.01846 0.01848 33 47
2017-12-18 21:24:00 0.0185 0.01848 0.01852 100 49
2017-12-18 21:26:00 0.0185 0.0185 0.0185 100 1
2017-12-18 21:27:00 0.018485 0.01845 0.01852 50 10
2017-12-18 21:28:00 0.018484 0.01846 0.01852 60 159
2017-12-18 21:29:00 0.018454 0.01844 0.01846 60 41
2017-12-18 21:30:00 0.01848 0.01848 0.01848 0 5
2017-12-18 21:31:00 0.0185 0.0185 0.0185 100 6
2017-12-18 21:32:00 0.01847 0.01847 0.01847 0 100
2017-12-18 21:34:00 0.01848 0.01848 0.01848 100 10
2017-12-18 21:35:00 0.01851 0.01851 0.01851 100 5
2017-12-18 21:39:00 0.0185 0.0185 0.0185 100 3
2017-12-18 21:40:00 0.01846666666666667 0.01844 0.01848 0 15
2017-12-18 21:41:00 0.01846 0.01846 0.01846 0 10
2017-12-18 21:42:00 0.01849 0.01846 0.0185 50 18
2017-12-18 21:43:00 0.018419999999999995 0.01841 0.01843 0 25
2017-12-18 21:44:00 0.018435 0.01841 0.01846 50 4
2017-12-18 21:45:00 0.01841 0.01841 0.01841 0 30
2017-12-18 21:46:00 0.018408888888888888 0.0184 0.01843 22 74
2017-12-18 21:47:00 0.018426666666666664 0.0184 0.01844 66 7
2017-12-18 21:48:00 0.01844 0.01844 0.01844 100 60
2017-12-18 21:49:00 0.018430000000000002 0.0184 0.01848 80 95
2017-12-18 21:51:00 0.018425 0.0184 0.01845 50 5
2017-12-18 21:52:00 0.018364285714285715 0.0183 0.0184 0 101
2017-12-18 21:53:00 0.018306666666666666 0.0183 0.01832 0 8
2017-12-18 21:54:00 0.0183 0.0183 0.0183 0 1
2017-12-18 21:55:00 0.0183 0.0183 0.0183 0 1
2017-12-18 21:56:00 0.018375000000000002 0.01835 0.0184 50 4
2017-12-18 21:57:00 0.01845 0.01844 0.01846 100 95
2017-12-18 21:59:00 0.018439999999999998 0.0184 0.01848 50 7
2017-12-18 22:00:00 0.01841 0.01841 0.01841 100 1
2017-12-18 22:01:00 0.01845 0.01845 0.01845 100 5
2017-12-18 22:02:00 0.01845 0.01845 0.01845 100 5
2017-12-18 22:03:00 0.01845 0.01845 0.01845 100 5
2017-12-18 22:05:00 0.01845 0.01845 0.01845 100 5
2017-12-18 22:06:00 0.01849 0.01845 0.0185 100 179
2017-12-18 22:07:00 0.0185075 0.0185 0.01852 100 34
2017-12-18 22:08:00 0.018566666666666665 0.01855 0.01857 83 70
2017-12-18 22:09:00 0.018595555555555556 0.01857 0.01865 100 93
2017-12-18 22:10:00 0.018622857142857146 0.01857 0.01864 71 31
2017-12-18 22:11:00 0.01864 0.01863 0.01865 100 23
2017-12-18 22:12:00 0.018604000000000002 0.01856 0.01865 60 138
2017-12-18 22:13:00 0.018627142857142863 0.01862 0.01863 100 15
2017-12-18 22:14:00 0.018642 0.01863 0.01865 100 13
2017-12-18 22:15:00 0.01866 0.01866 0.01866 100 38
2017-12-18 22:16:00 0.018738499999999998 0.01861 0.01887 90 773
2017-12-18 22:17:00 0.018987647058823526 0.01889 0.01908 94 249
2017-12-18 22:18:00 0.019014999999999997 0.01894 0.01905 75 7
2017-12-18 22:19:00 0.019 0.01894 0.01903 66 9
2017-12-18 22:20:00 0.019075 0.01905 0.0191 100 100
2017-12-18 22:21:00 0.019188999999999994 0.0191 0.01925 100 128
2017-12-18 22:22:00 0.019178333333333335 0.01903 0.01925 66 98
2017-12-18 22:23:00 0.019224705882352942 0.01905 0.01929 82 183
2017-12-18 22:24:00 0.01921125 0.01903 0.0193 50 29
2017-12-18 22:25:00 0.019308181818181818 0.01917 0.01939 72 147
2017-12-18 22:26:00 0.019401111111111112 0.01929 0.01947 66 55
2017-12-18 22:27:00 0.0193975 0.01928 0.01947 75 82
2017-12-18 22:28:00 0.019464285714285715 0.01946 0.01947 85 138
2017-12-18 22:29:00 0.019487499999999998 0.01939 0.0196 65 243
2017-12-18 22:30:00 0.019484 0.01941 0.01959 40 18
2017-12-18 22:31:00 0.019455714285714288 0.01941 0.01956 28 80
2017-12-18 22:32:00 0.01957615384615385 0.01947 0.01969 69 95
2017-12-18 22:33:00 0.01968285714285714 0.01967 0.01969 100 38
2017-12-18 22:34:00 0.019605714285714285 0.01956 0.01969 28 119
2017-12-18 22:35:00 0.01957260869565218 0.0195 0.01967 30 209
2017-12-18 22:36:00 0.019334375000000008 0.01922 0.01959 25 238
2017-12-18 22:37:00 0.01919454545454546 0.01916 0.01927 36 99
2017-12-18 22:38:00 0.019490000000000004 0.01927 0.01967 81 130
2017-12-18 22:39:00 0.01958 0.01936 0.01963 83 21
2017-12-18 22:40:00 0.0195975 0.01936 0.0197 83 208
2017-12-18 22:41:00 0.019426000000000002 0.01939 0.01955 20 46
2017-12-18 22:44:00 0.019337333333333335 0.01921 0.01943 0 185
2017-12-18 22:45:00 0.019280000000000002 0.01921 0.01935 50 11
2017-12-18 22:46:00 0.019292857142857143 0.01921 0.01935 42 14
2017-12-18 22:47:00 0.01935 0.01935 0.01935 100 4
2017-12-18 22:48:00 0.019372 0.01923 0.0195 80 16
2017-12-18 22:49:00 0.01958333333333333 0.01958 0.01959 100 12
2017-12-18 22:50:00 0.01965142857142857 0.01951 0.0197 85 133
2017-12-18 22:51:00 0.019629999999999998 0.01951 0.01969 66 6
2017-12-18 22:52:00 0.019658571428571425 0.01952 0.01975 57 29
2017-12-18 22:53:00 0.019700000000000002 0.01951 0.01978 62 26
2017-12-18 22:54:00 0.019735 0.0197 0.01977 100 10
2017-12-18 22:55:00 0.019715 0.01955 0.01977 75 31
2017-12-18 22:56:00 0.019832500000000003 0.01977 0.01993 100 46
2017-12-18 22:57:00 0.019843333333333334 0.01971 0.01994 44 310
2017-12-18 22:58:00 0.019746249999999996 0.0197 0.01982 25 181
2017-12-18 22:59:00 0.019702499999999998 0.01964 0.01973 25 37
2017-12-18 23:00:00 0.019674999999999998 0.01965 0.0197 50 5
2017-12-18 23:01:00 0.019660000000000004 0.01958 0.01986 37 304
2017-12-18 23:02:00 0.0196875 0.01968 0.01969 100 32
2017-12-18 23:03:00 0.019634 0.01957 0.01978 40 53
2017-12-18 23:04:00 0.019483333333333335 0.0194 0.01956 16 122
2017-12-18 23:05:00 0.01935846153846154 0.01931 0.01945 30 71
2017-12-18 23:06:00 0.019312000000000003 0.0193 0.01935 10 70
2017-12-18 23:07:00 0.019294444444444447 0.01927 0.01932 22 173
2017-12-18 23:08:00 0.019229500000000004 0.01912 0.01934 10 1023
2017-12-18 23:09:00 0.019108750000000004 0.0191 0.01915 6 142
2017-12-18 23:10:00 0.019114285714285716 0.01911 0.01914 14 25
2017-12-18 23:11:00 0.019118181818181815 0.01911 0.01913 72 92
2017-12-18 23:12:00 0.019125 0.01912 0.01913 100 52
2017-12-18 23:13:00 0.0191225 0.01911 0.01913 87 120
2017-12-18 23:14:00 0.019131428571428574 0.01911 0.0192 71 35
2017-12-18 23:15:00 0.019181818181818182 0.0191 0.01931 63 82
2017-12-18 23:16:00 0.019320999999999998 0.01925 0.01938 80 222
2017-12-18 23:17:00 0.0194325 0.01934 0.01949 75 256
2017-12-18 23:18:00 0.01958375 0.01945 0.01963 100 361
2017-12-18 23:21:00 0.019302857142857146 0.01926 0.01935 0 68
2017-12-18 23:23:00 0.01924 0.01924 0.01924 0 20
2017-12-18 23:24:00 0.01942 0.01929 0.01955 50 11
2017-12-18 23:25:00 0.01929 0.01929 0.01929 0 19
2017-12-18 23:26:00 0.019333333333333334 0.01931 0.01935 100 9
2017-12-18 23:27:00 0.019230999999999998 0.01918 0.01934 70 142
2017-12-18 23:28:00 0.0192 0.0192 0.0192 100 57
2017-12-18 23:29:00 0.019189999999999995 0.01917 0.0192 57 218
2017-12-18 23:30:00 0.019186666666666668 0.01916 0.0192 66 12
2017-12-18 23:31:00 0.0192 0.0192 0.0192 100 59
2017-12-18 23:32:00 0.01927 0.0192 0.01941 100 40
2017-12-18 23:33:00 0.019445 0.01943 0.01946 100 30
2017-12-18 23:34:00 0.01933 0.01933 0.01933 0 10
2017-12-18 23:35:00 0.01935 0.01935 0.01935 0 36
2017-12-18 23:36:00 0.019338 0.01929 0.01938 40 155
2017-12-18 23:37:00 0.01923714285714286 0.0192 0.01928 14 104
2017-12-18 23:38:00 0.019235 0.01918 0.01927 75 59
2017-12-18 23:39:00 0.01924 0.01924 0.01924 100 4
2017-12-18 23:41:00 0.019296666666666667 0.01929 0.01931 100 6
2017-12-18 23:42:00 0.019283333333333333 0.01924 0.01931 66 4
2017-12-18 23:43:00 0.019293333333333332 0.01928 0.0193 66 6
2017-12-18 23:44:00 0.019286666666666667 0.01925 0.01931 66 8
2017-12-18 23:45:00 0.01926 0.01922 0.0193 50 13
2017-12-18 23:46:00 0.019305000000000003 0.01929 0.01932 100 26
2017-12-18 23:47:00 0.019295 0.01929 0.0193 100 7
2017-12-18 23:48:00 0.0193 0.0193 0.0193 100 4
2017-12-18 23:50:00 0.0193 0.0193 0.0193 100 8
2017-12-18 23:51:00 0.01928 0.01928 0.01928 0 50
2017-12-18 23:52:00 0.01928 0.01928 0.01928 0 5
2017-12-18 23:53:00 0.019283333333333333 0.01928 0.01929 33 26
2017-12-18 23:54:00 0.019266 0.01923 0.01928 0 61
2017-12-18 23:55:00 0.019172 0.01913 0.01923 0 20
2017-12-18 23:56:00 0.019105 0.0191 0.01912 0 55
2017-12-18 23:57:00 0.019125 0.0191 0.01916 75 103
2017-12-18 23:58:00 0.01915375 0.01913 0.01918 87 102
2017-12-18 23:59:00 0.019145000000000002 0.01914 0.01915 0 45
2017-12-19 00:00:00 0.01916 0.01914 0.01918 50 9
2017-12-19 00:01:00 0.01917 0.01917 0.01917 0 10
2017-12-19 00:02:00 0.019173333333333334 0.01914 0.01923 33 107
2017-12-19 00:03:00 0.01916 0.01916 0.01916 0 2
2017-12-19 00:04:00 0.01916 0.01916 0.01916 0 18
2017-12-19 00:05:00 0.01915 0.01915 0.01915 0 2
2017-12-19 00:06:00 0.0191675 0.01915 0.01918 75 16
2017-12-19 00:07:00 0.01917 0.01917 0.01917 100 3
2017-12-19 00:08:00 0.01917 0.01917 0.01917 100 13
2017-12-19 00:09:00 0.01917 0.01917 0.01917 100 5
2017-12-19 00:10:00 0.019101818181818185 0.019 0.01915 0 416
2017-12-19 00:11:00 0.018984285714285714 0.01895 0.01902 28 160
2017-12-19 00:12:00 0.018953333333333336 0.01895 0.01896 0 8
2017-12-19 00:13:00 0.018996666666666665 0.01899 0.019 100 30
2017-12-19 00:14:00 0.01899 0.01899 0.01899 50 8
2017-12-19 00:15:00 0.018968333333333334 0.01891 0.01903 33 8
2017-12-19 00:17:00 0.01896 0.01896 0.01896 100 2
2017-12-19 00:18:00 0.019068 0.01902 0.01914 100 84
2017-12-19 00:22:00 0.01915 0.01915 0.01915 100 13
2017-12-19 00:23:00 0.01901 0.01901 0.01901 0 10
2017-12-19 00:24:00 0.019126666666666667 0.01909 0.01915 66 50
2017-12-19 00:25:00 0.019135 0.01913 0.01914 100 99
2017-12-19 00:26:00 0.019145000000000002 0.01914 0.01915 100 10
2017-12-19 00:27:00 0.019 0.019 0.019 0 1
2017-12-19 00:28:00 0.019 0.019 0.019 0 4
2017-12-19 00:29:00 0.01901 0.01901 0.01901 100 11
2017-12-19 00:30:00 0.01901 0.01901 0.01901 0 146
2017-12-19 00:31:00 0.019 0.019 0.019 0 150
2017-12-19 00:32:00 0.019 0.019 0.019 0 1
2017-12-19 00:34:00 0.01908 0.01908 0.01908 100 147
2017-12-19 00:35:00 0.019115 0.01908 0.01915 75 63
2017-12-19 00:36:00 0.019102 0.01905 0.01915 100 90
2017-12-19 00:37:00 0.01925375 0.01915 0.0193 100 105
2017-12-19 00:38:00 0.01922 0.01922 0.01922 100 14
2017-12-19 00:40:00 0.01916 0.01916 0.01916 100 6
2017-12-19 00:41:00 0.01926 0.01926 0.01926 100 3
2017-12-19 00:42:00 0.019270000000000002 0.01925 0.01929 100 6
2017-12-19 00:43:00 0.019135 0.01907 0.0192 50 25
2017-12-19 00:49:00 0.019058333333333333 0.01902 0.01914 16 59
2017-12-19 00:50:00 0.01902 0.01902 0.01902 0 4
2017-12-19 00:51:00 0.019075 0.01903 0.01912 100 10
2017-12-19 00:53:00 0.019011428571428568 0.019 0.01902 0 102
2017-12-19 00:54:00 0.0189025 0.01883 0.019 0 157
2017-12-19 00:55:00 0.01884 0.01883 0.01885 50 21
2017-12-19 00:56:00 0.01889333333333333 0.01885 0.01893 100 71
2017-12-19 00:57:00 0.01887 0.01887 0.01887 0 1
2017-12-19 00:59:00 0.01899 0.01899 0.01899 100 4
2017-12-19 01:00:00 0.019022 0.019 0.01903 60 115
2017-12-19 01:01:00 0.019015 0.01899 0.01908 50 140
2017-12-19 01:02:00 0.019102499999999998 0.0191 0.01911 100 131
2017-12-19 01:03:00 0.019063333333333335 0.01906 0.01907 0 3
2017-12-19 01:04:00 0.019173333333333334 0.01911 0.01927 33 8
2017-12-19 01:05:00 0.01926 0.01925 0.01927 66 14
2017-12-19 01:06:00 0.019257142857142858 0.01923 0.01927 71 18
2017-12-19 01:09:00 0.019190000000000002 0.0191 0.01934 20 10
2017-12-19 01:10:00 0.01914 0.01913 0.01916 0 8
2017-12-19 01:11:00 0.01913 0.01913 0.01913 0 2
2017-12-19 01:12:00 0.01915333333333333 0.01914 0.01916 66 12
2017-12-19 01:13:00 0.01916 0.01916 0.01916 100 16
2017-12-19 01:14:00 0.019145000000000002 0.01914 0.01915 0 15
2017-12-19 01:15:00 0.01916 0.01916 0.01916 100 55
2017-12-19 01:16:00 0.01916 0.01916 0.01916 100 21
2017-12-19 01:17:00 0.01916 0.01916 0.01916 100 69
2017-12-19 01:18:00 0.019316666666666666 0.01926 0.01935 66 60
2017-12-19 01:19:00 0.019411111111111115 0.01929 0.01949 77 28
2017-12-19 01:20:00 0.01931 0.01931 0.01931 0 5
2017-12-19 01:22:00 0.019420000000000003 0.01936 0.0195 66 15
2017-12-19 01:24:00 0.01935 0.01935 0.01935 100 2
2017-12-19 01:26:00 0.019373333333333333 0.01929 0.01949 66 12
2017-12-19 01:27:00 0.01934 0.01934 0.01934 0 2
2017-12-19 01:28:00 0.019495 0.01949 0.0195 100 2
2017-12-19 01:29:00 0.019244999999999998 0.01915 0.01934 0 13
2017-12-19 01:30:00 0.01914 0.01913 0.01915 0 9
2017-12-19 01:31:00 0.019136666666666666 0.01913 0.01915 0 14
2017-12-19 01:32:00 0.0193 0.0193 0.0193 0 1
2017-12-19 01:34:00 0.01918 0.01916 0.01922 33 7
2017-12-19 01:35:00 0.01916 0.01916 0.01916 0 5
2017-12-19 01:36:00 0.01916 0.01916 0.01916 0 8
2017-12-19 01:37:00 0.01922 0.01922 0.01922 100 10
2017-12-19 01:39:00 0.01914 0.01912 0.01915 0 153
2017-12-19 01:40:00 0.019177999999999997 0.01915 0.01919 80 41
2017-12-19 01:41:00 0.019142857142857145 0.0191 0.01918 14 91
2017-12-19 01:42:00 0.01918 0.01918 0.01918 100 3
2017-12-19 01:44:00 0.01921 0.01921 0.01921 100 50
2017-12-19 01:45:00 0.01931 0.01931 0.01931 100 4
2017-12-19 01:47:00 0.01939 0.01939 0.01939 100 2
2017-12-19 01:48:00 0.01939 0.01939 0.01939 0 10
2017-12-19 01:51:00 0.0191625 0.01912 0.0192 0 11
2017-12-19 01:52:00 0.01914 0.01914 0.01914 0 3
2017-12-19 01:54:00 0.019263333333333337 0.01915 0.01932 66 24
2017-12-19 01:59:00 0.019302499999999997 0.01927 0.01934 50 14
2017-12-19 02:02:00 0.01934 0.01934 0.01934 100 1
2017-12-19 02:06:00 0.019100833333333334 0.01893 0.01934 16 92
2017-12-19 02:07:00 0.018831818181818182 0.01879 0.01891 27 303
2017-12-19 02:08:00 0.018765 0.01876 0.01878 0 67
2017-12-19 02:09:00 0.01884 0.01884 0.01884 100 43
2017-12-19 02:10:00 0.018945 0.01884 0.01901 100 195
2017-12-19 02:14:00 0.01902 0.01902 0.01902 0 5
2017-12-19 02:16:00 0.01902 0.01902 0.01902 100 2
2017-12-19 02:17:00 0.018911111111111115 0.01884 0.01901 11 108
2017-12-19 02:18:00 0.01896666666666667 0.01893 0.019 100 200
2017-12-19 02:21:00 0.01906 0.01906 0.01906 100 17
2017-12-19 02:23:00 0.01915 0.01906 0.01924 100 85
2017-12-19 02:25:00 0.019235000000000002 0.01923 0.01924 0 10
2017-12-19 02:26:00 0.01912 0.01912 0.01912 0 1
2017-12-19 02:27:00 0.01912 0.01912 0.01912 0 9
2017-12-19 02:29:00 0.0192 0.0192 0.0192 100 33
2017-12-19 02:30:00 0.01922 0.0192 0.01923 100 18
2017-12-19 02:31:00 0.019354999999999997 0.01934 0.01938 100 5
2017-12-19 02:33:00 0.01935 0.01935 0.01935 100 1
2017-12-19 02:34:00 0.01935 0.01935 0.01935 100 60
2017-12-19 02:35:00 0.019343333333333334 0.01924 0.0194 66 21
2017-12-19 02:36:00 0.019461666666666665 0.0194 0.0195 83 55
2017-12-19 02:37:00 0.0193 0.0193 0.0193 50 10
2017-12-19 02:38:00 0.019496666666666666 0.01949 0.0195 100 26
2017-12-19 02:39:00 0.0195 0.0195 0.0195 100 7
2017-12-19 02:40:00 0.019455 0.01936 0.01955 50 206
2017-12-19 02:41:00 0.019330000000000003 0.0193 0.01938 28 46
2017-12-19 02:42:00 0.01921545454545455 0.0191 0.01931 9 710
2017-12-19 02:43:00 0.019053333333333335 0.01905 0.01906 0 9
2017-12-19 02:44:00 0.019305000000000003 0.0193 0.01931 100 4
2017-12-19 02:46:00 0.01929 0.01925 0.01931 66 21
2017-12-19 02:47:00 0.019245 0.01923 0.01926 0 100
2017-12-19 02:53:00 0.01924 0.01924 0.01924 0 5
2017-12-19 02:54:00 0.019235000000000002 0.01923 0.01924 0 35
2017-12-19 02:55:00 0.019265 0.01923 0.0193 50 22
2017-12-19 02:56:00 0.0192 0.0192 0.0192 0 30
2017-12-19 02:59:00 0.01927 0.01927 0.01927 100 2
2017-12-19 03:01:00 0.01929 0.01929 0.01929 100 100
2017-12-19 03:02:00 0.01929 0.01929 0.01929 100 60
2017-12-19 03:03:00 0.0193 0.0193 0.0193 100 2
2017-12-19 03:05:00 0.019316666666666666 0.0193 0.01934 100 100
2017-12-19 03:06:00 0.01934 0.01934 0.01934 100 1
2017-12-19 03:07:00 0.019325000000000002 0.01932 0.01933 100 30
2017-12-19 03:11:00 0.019398333333333333 0.01934 0.01948 100 82
2017-12-19 03:12:00 0.01951 0.01951 0.01951 100 60
2017-12-19 03:13:00 0.01953 0.01953 0.01953 100 1
2017-12-19 03:15:00 0.019483999999999998 0.01945 0.0195 80 102
2017-12-19 03:16:00 0.019514999999999998 0.0195 0.01953 100 100
2017-12-19 03:17:00 0.01947 0.01945 0.0195 33 28
2017-12-19 03:18:00 0.019444999999999997 0.01944 0.01945 0 4
2017-12-19 03:20:00 0.01937 0.01937 0.01937 0 2
2017-12-19 03:21:00 0.01937 0.01937 0.01937 0 1
2017-12-19 03:22:00 0.01946 0.01946 0.01946 100 60
2017-12-19 03:24:00 0.01945 0.01945 0.01945 100 33
2017-12-19 03:25:00 0.019395 0.01935 0.01944 50 100
2017-12-19 03:26:00 0.01928 0.01926 0.0193 0 30
2017-12-19 03:27:00 0.019209999999999998 0.01919 0.01924 0 252
2017-12-19 03:28:00 0.01924 0.01924 0.01924 100 20
2017-12-19 03:33:00 0.01926 0.01925 0.01927 100 30
2017-12-19 03:36:00 0.019237499999999998 0.01923 0.01925 0 65
2017-12-19 03:41:00 0.01922 0.01922 0.01922 0 1
2017-12-19 03:44:00 0.01922 0.01922 0.01922 0 1
2017-12-19 03:45:00 0.01919 0.01916 0.01922 0 30
2017-12-19 03:47:00 0.01916 0.01916 0.01916 0 1
2017-12-19 03:50:00 0.01916 0.01916 0.01916 0 4
2017-12-19 03:51:00 0.01919 0.01916 0.01922 100 100
2017-12-19 03:54:00 0.0192 0.0192 0.0192 100 11
2017-12-19 03:55:00 0.01922 0.01922 0.01922 100 35
2017-12-19 03:56:00 0.019354 0.01931 0.01942 100 100
2017-12-19 03:57:00 0.019415 0.01941 0.01942 100 102
2017-12-19 03:58:00 0.0194175 0.01938 0.01943 75 21
2017-12-19 04:02:00 0.01943 0.01943 0.01943 100 70
2017-12-19 04:03:00 0.01949 0.01948 0.0195 100 16
2017-12-19 04:04:00 0.01955 0.01955 0.01955 100 30
2017-12-19 04:05:00 0.019664444444444446 0.01955 0.01972 77 151
2017-12-19 04:06:00 0.01969 0.01969 0.01969 100 5
2017-12-19 04:07:00 0.01969 0.01969 0.01969 33 12
2017-12-19 04:08:00 0.01969333333333333 0.01969 0.0197 0 100
2017-12-19 04:09:00 0.019714000000000002 0.0197 0.01972 60 39
2017-12-19 04:10:00 0.019677272727272724 0.01961 0.01972 18 309
2017-12-19 04:11:00 0.019364999999999997 0.01926 0.01943 5 305
2017-12-19 04:13:00 0.0195 0.0195 0.0195 100 4
2017-12-19 04:14:00 0.01958 0.0195 0.01965 100 68
2017-12-19 04:15:00 0.019674999999999998 0.01967 0.01968 100 6
2017-12-19 04:16:00 0.019543333333333333 0.0195 0.01963 33 20
2017-12-19 04:17:00 0.01948 0.01948 0.01948 100 1
2017-12-19 04:19:00 0.01943 0.01943 0.01943 0 5
2017-12-19 04:21:00 0.019565 0.01948 0.01965 100 15
2017-12-19 04:22:00 0.01971 0.01971 0.01971 100 15
2017-12-19 04:25:00 0.0197 0.0197 0.0197 100 12
2017-12-19 04:26:00 0.019643333333333332 0.01962 0.01969 100 6
2017-12-19 04:27:00 0.019722857142857143 0.01969 0.01976 100 51
2017-12-19 04:28:00 0.019791999999999997 0.01976 0.0198 100 42
2017-12-19 04:29:00 0.019785 0.01971 0.01987 62 170
2017-12-19 04:30:00 0.019795 0.01976 0.01983 0 7
2017-12-19 04:31:00 0.019838 0.01982 0.01986 0 7
2017-12-19 04:32:00 0.01972 0.01972 0.01972 0 25
2017-12-19 04:33:00 0.01977 0.01971 0.01987 33 15
2017-12-19 04:34:00 0.019742 0.01971 0.01987 20 99
2017-12-19 04:39:00 0.01986 0.01986 0.01986 100 2
2017-12-19 04:40:00 0.01986 0.01986 0.01986 100 1
2017-12-19 04:41:00 0.01976 0.01976 0.01976 0 1
2017-12-19 04:43:00 0.019723333333333332 0.01971 0.01974 0 18
2017-12-19 04:44:00 0.01974333333333333 0.01971 0.01981 33 15
2017-12-19 04:45:00 0.019702499999999998 0.01968 0.01971 0 60
2017-12-19 04:46:00 0.0197425 0.01965 0.01979 75 4
2017-12-19 04:49:00 0.01968 0.01968 0.01968 100 3
2017-12-19 04:50:00 0.01968 0.01968 0.01968 100 2
2017-12-19 04:51:00 0.01961 0.0196 0.01963 100 55
2017-12-19 04:53:00 0.019782 0.01975 0.0198 100 24
2017-12-19 04:54:00 0.01979 0.01979 0.01979 100 1
2017-12-19 04:56:00 0.019735000000000003 0.01973 0.01974 0 5
2017-12-19 04:57:00 0.01980666666666667 0.0198 0.01981 100 10
2017-12-19 04:58:00 0.01977 0.01977 0.01977 100 2
2017-12-19 04:59:00 0.01973 0.01973 0.01973 100 1
2017-12-19 05:00:00 0.019719999999999998 0.0197 0.01974 0 114
2017-12-19 05:01:00 0.019703333333333333 0.0197 0.01971 33 26
2017-12-19 05:02:00 0.0197 0.0197 0.0197 0 12
2017-12-19 05:04:00 0.01974 0.01974 0.01974 100 20
2017-12-19 05:05:00 0.01975 0.01975 0.01975 100 45
2017-12-19 05:06:00 0.01975 0.01975 0.01975 100 1
2017-12-19 05:07:00 0.0197 0.0197 0.0197 0 2
2017-12-19 05:08:00 0.0197 0.0197 0.0197 0 3
2017-12-19 05:09:00 0.0197 0.0197 0.0197 0 14
2017-12-19 05:10:00 0.01975 0.01975 0.01975 100 6
2017-12-19 05:13:00 0.01988 0.01988 0.01988 100 10
2017-12-19 05:14:00 0.01988 0.01988 0.01988 100 14
2017-12-19 05:16:00 0.019713333333333333 0.01965 0.01977 0 7
2017-12-19 05:17:00 0.01968 0.01968 0.01968 0 5
2017-12-19 05:19:00 0.0197 0.0197 0.0197 0 2
2017-12-19 05:21:00 0.0198 0.0198 0.0198 75 33
2017-12-19 05:22:00 0.019792857142857143 0.01975 0.01985 28 30
2017-12-19 05:23:00 0.01975 0.01975 0.01975 0 1
2017-12-19 05:24:00 0.01977 0.01977 0.01977 0 1
2017-12-19 05:25:00 0.019768 0.01975 0.01982 20 52
2017-12-19 05:26:00 0.01976 0.01976 0.01976 100 10
2017-12-19 05:28:00 0.01977 0.01977 0.01977 0 5
2017-12-19 05:30:00 0.01975166666666667 0.01975 0.01976 16 65
2017-12-19 05:31:00 0.01975 0.01975 0.01975 0 36
2017-12-19 05:32:00 0.019665000000000002 0.01964 0.01969 0 2
2017-12-19 05:34:00 0.019622 0.01961 0.01964 0 12
2017-12-19 05:35:00 0.01962 0.01962 0.01962 50 12
2017-12-19 05:36:00 0.019615 0.01961 0.01962 50 6
2017-12-19 05:40:00 0.01975 0.01975 0.01975 100 1
2017-12-19 05:41:00 0.01975 0.01975 0.01975 100 26
2017-12-19 05:43:00 0.019764999999999998 0.01975 0.01978 100 4
2017-12-19 05:44:00 0.0198 0.0198 0.0198 100 1
2017-12-19 05:45:00 0.019843333333333334 0.01984 0.01985 100 3
2017-12-19 05:46:00 0.019866999999999996 0.0198 0.0199 80 707
2017-12-19 05:47:00 0.01981 0.01981 0.01981 0 2
2017-12-19 05:48:00 0.019813333333333332 0.01981 0.01982 0 7
2017-12-19 05:51:00 0.01989714285714286 0.01988 0.0199 100 125
2017-12-19 05:52:00 0.0199 0.0199 0.0199 100 1
2017-12-19 05:55:00 0.019885 0.01984 0.0199 75 127
2017-12-19 05:59:00 0.01982 0.01982 0.01982 0 5
2017-12-19 06:03:00 0.0199 0.0199 0.0199 100 70
2017-12-19 06:05:00 0.01989666666666667 0.01989 0.0199 100 3
2017-12-19 06:06:00 0.0199 0.0199 0.0199 100 25
2017-12-19 06:07:00 0.019905 0.0199 0.01991 100 4
2017-12-19 06:08:00 0.019854999999999998 0.01981 0.01992 16 55
2017-12-19 06:09:00 0.019739999999999997 0.0197 0.01981 0 20
2017-12-19 06:14:00 0.01991 0.01991 0.01991 100 10
2017-12-19 06:16:00 0.01992 0.01992 0.01992 100 26
2017-12-19 06:20:00 0.019815 0.01972 0.01991 50 4
2017-12-19 06:23:00 0.01973 0.01973 0.01973 0 15
2017-12-19 06:25:00 0.01972 0.01972 0.01972 0 2
2017-12-19 06:27:00 0.01974 0.01974 0.01974 0 2
2017-12-19 06:42:00 0.01989 0.01989 0.01989 100 4
2017-12-19 06:43:00 0.01976 0.01976 0.01976 0 2
2017-12-19 06:46:00 0.01976 0.01976 0.01976 0 3
2017-12-19 06:47:00 0.01976 0.01976 0.01976 0 6
2017-12-19 06:48:00 0.019653333333333335 0.0196 0.01974 25 113
2017-12-19 06:49:00 0.019691999999999998 0.01961 0.01974 60 130
2017-12-19 06:50:00 0.01974 0.01974 0.01974 100 2
2017-12-19 06:51:00 0.0197 0.0197 0.0197 0 90
2017-12-19 06:52:00 0.0197 0.0197 0.0197 0 40
2017-12-19 06:54:00 0.01973 0.01973 0.01973 100 40
2017-12-19 06:58:00 0.01965 0.01963 0.01967 0 50
2017-12-19 06:59:00 0.01964 0.01964 0.01964 100 35
2017-12-19 07:00:00 0.01968 0.01968 0.01968 100 4
2017-12-19 07:01:00 0.01969 0.01969 0.01969 100 3
2017-12-19 07:02:00 0.01960333333333333 0.0196 0.01961 0 6
2017-12-19 07:04:00 0.01956 0.01956 0.01956 0 7
2017-12-19 07:05:00 0.01957 0.01957 0.01957 0 3
2017-12-19 07:06:00 0.01956 0.01956 0.01956 0 7
2017-12-19 07:14:00 0.01957 0.01956 0.01959 66 10
2017-12-19 07:15:00 0.01956 0.01954 0.01958 50 9
2017-12-19 07:16:00 0.01954 0.01954 0.01954 0 10
2017-12-19 07:17:00 0.01956 0.01956 0.01956 0 1
2017-12-19 07:19:00 0.019604999999999997 0.0196 0.01961 50 100
2017-12-19 07:21:00 0.019656666666666666 0.01965 0.01966 100 51
2017-12-19 07:23:00 0.01964 0.01964 0.01964 0 1
2017-12-19 07:26:00 0.019635 0.01962 0.01965 50 2
2017-12-19 07:27:00 0.019629999999999998 0.01962 0.01965 33 33
2017-12-19 07:29:00 0.019602 0.01958 0.01963 40 81
2017-12-19 07:34:00 0.01951 0.01951 0.01951 0 4
2017-12-19 07:35:00 0.0194875 0.01946 0.01951 0 53
2017-12-19 07:43:00 0.019417999999999998 0.0194 0.01944 0 100
2017-12-19 07:48:00 0.0195 0.0195 0.0195 100 1
2017-12-19 07:49:00 0.0195 0.0195 0.0195 100 1
2017-12-19 07:50:00 0.01949 0.01949 0.01949 100 4
2017-12-19 07:53:00 0.019494 0.01949 0.0195 100 10
2017-12-19 07:54:00 0.01951 0.01951 0.01951 100 17
2017-12-19 07:55:00 0.01947 0.01947 0.01947 0 1
2017-12-19 07:56:00 0.0195 0.0195 0.0195 100 2
2017-12-19 07:57:00 0.01948 0.01948 0.01948 100 8
2017-12-19 07:58:00 0.019455 0.01944 0.01947 0 89
2017-12-19 07:59:00 0.01944 0.01944 0.01944 0 32
2017-12-19 08:00:00 0.0194 0.0194 0.0194 0 1
2017-12-19 08:03:00 0.01948 0.01948 0.01948 100 1
2017-12-19 08:05:00 0.01926857142857143 0.01921 0.0193 0 126
2017-12-19 08:09:00 0.019215000000000003 0.01921 0.01922 0 10
2017-12-19 08:10:00 0.019054999999999996 0.019 0.01915 12 164
2017-12-19 08:11:00 0.01905125 0.01902 0.01926 37 32
2017-12-19 08:12:00 0.0192125 0.01902 0.01928 100 50
2017-12-19 08:16:00 0.019393333333333335 0.01939 0.0194 100 37
2017-12-19 08:17:00 0.0194 0.0194 0.0194 100 1
2017-12-19 08:18:00 0.01941 0.01941 0.01941 100 11
2017-12-19 08:19:00 0.01945 0.01941 0.0195 90 266
2017-12-19 08:20:00 0.019492500000000003 0.01946 0.01951 50 184
2017-12-19 08:24:00 0.01945 0.01945 0.01945 100 2
2017-12-19 08:25:00 0.01941 0.01941 0.01941 0 11
2017-12-19 08:27:00 0.01942 0.0194 0.01944 100 14
2017-12-19 08:28:00 0.01948 0.01948 0.01948 66 36
2017-12-19 08:36:00 0.0195 0.0195 0.0195 100 27
2017-12-19 08:38:00 0.0195 0.0195 0.0195 0 27
2017-12-19 08:40:00 0.0195 0.0195 0.0195 100 30
2017-12-19 08:42:00 0.01942 0.01942 0.01942 0 2
2017-12-19 08:51:00 0.01945 0.01945 0.01945 0 3
2017-12-19 08:53:00 0.01945 0.01945 0.01945 0 30
2017-12-19 09:07:00 0.0195 0.0195 0.0195 100 4
2017-12-19 09:10:00 0.0195 0.0195 0.0195 100 5
2017-12-19 09:11:00 0.019514999999999998 0.01951 0.01952 100 5
2017-12-19 09:13:00 0.019533333333333333 0.01952 0.0196 100 61
2017-12-19 09:14:00 0.019604 0.0196 0.01961 100 26
2017-12-19 09:17:00 0.019615 0.0196 0.01963 100 15
2017-12-19 09:20:00 0.01962 0.01962 0.01962 100 10
2017-12-19 09:28:00 0.01962 0.01962 0.01962 100 1
2017-12-19 09:30:00 0.01953 0.01953 0.01953 0 5
2017-12-19 09:35:00 0.019565 0.01955 0.01958 100 5
2017-12-19 09:36:00 0.01954 0.01954 0.01954 0 40
2017-12-19 09:38:00 0.019545 0.01953 0.01956 50 23
2017-12-19 09:39:00 0.01956 0.01956 0.01956 100 10
2017-12-19 09:40:00 0.019547500000000002 0.01954 0.01956 25 20
2017-12-19 09:41:00 0.019545 0.01953 0.01956 50 3
2017-12-19 09:43:00 0.0195825 0.01956 0.01961 75 113
2017-12-19 09:44:00 0.01947 0.01947 0.01947 0 2
2017-12-19 09:47:00 0.019477500000000002 0.01946 0.01949 25 58
2017-12-19 09:48:00 0.01949 0.01949 0.01949 50 105
2017-12-19 09:49:00 0.019465000000000003 0.01946 0.01947 50 43
2017-12-19 09:50:00 0.019436666666666668 0.0194 0.01946 0 20
2017-12-19 09:51:00 0.0194 0.0194 0.0194 100 3
2017-12-19 09:52:00 0.01935 0.01935 0.01935 0 15
2017-12-19 09:53:00 0.01929 0.01929 0.01929 0 28
2017-12-19 09:54:00 0.01926 0.01926 0.01926 0 28
2017-12-19 09:56:00 0.019148571428571428 0.01912 0.01923 14 119
2017-12-19 09:57:00 0.01917 0.01912 0.01922 50 3
2017-12-19 09:58:00 0.0190175 0.01901 0.01903 0 45
2017-12-19 09:59:00 0.01901 0.019 0.01902 0 8
2017-12-19 10:04:00 0.01927 0.01909 0.01937 66 13
2017-12-19 10:05:00 0.01937 0.01937 0.01937 100 5
2017-12-19 10:09:00 0.01895117647058824 0.01878 0.01923 17 301
2017-12-19 10:10:00 0.018777142857142857 0.01872 0.01885 0 1025
2017-12-19 10:11:00 0.0189 0.01881 0.01899 50 6
2017-12-19 10:12:00 0.01881 0.01881 0.01881 0 1
2017-12-19 10:13:00 0.01881 0.01881 0.01881 0 5
2017-12-19 10:14:00 0.01881 0.01881 0.01881 0 2
2017-12-19 10:15:00 0.018833333333333334 0.01881 0.01888 33 17
2017-12-19 10:16:00 0.018637500000000005 0.01855 0.01888 8 88
2017-12-19 10:17:00 0.018321199999999996 0.01802 0.01854 8 215
2017-12-19 10:18:00 0.01823 0.01802 0.0183 100 32
2017-12-19 10:19:00 0.018214 0.01801 0.0184 0 11
2017-12-19 10:20:00 0.018573333333333334 0.0185 0.01866 100 10
2017-12-19 10:21:00 0.018696666666666667 0.01857 0.01887 66 22
2017-12-19 10:22:00 0.0186625 0.01866 0.01867 100 122
2017-12-19 10:23:00 0.01846 0.01846 0.01846 0 1
2017-12-19 10:24:00 0.01876375 0.01858 0.01887 75 210
2017-12-19 10:25:00 0.018920909090909092 0.01875 0.01916 90 275
2017-12-19 10:26:00 0.01898666666666667 0.01871 0.01913 66 53
2017-12-19 10:27:00 0.019125000000000003 0.01912 0.01913 100 200
2017-12-19 10:29:00 0.019115 0.01911 0.01912 100 22
2017-12-19 10:30:00 0.019036666666666664 0.01902 0.01907 33 5
2017-12-19 10:31:00 0.01907 0.01907 0.01907 100 18
2017-12-19 10:32:00 0.01907 0.01907 0.01907 100 100
2017-12-19 10:36:00 0.01903 0.01903 0.01903 0 3
2017-12-19 10:37:00 0.019055 0.01903 0.01908 50 145
2017-12-19 10:38:00 0.01905 0.01902 0.01908 50 110
2017-12-19 10:39:00 0.019013999999999996 0.01901 0.01902 0 15
2017-12-19 10:41:00 0.01868 0.01867 0.01869 0 8
2017-12-19 10:42:00 0.01869 0.01869 0.01869 0 20
2017-12-19 10:43:00 0.01897 0.01897 0.01897 100 4
2017-12-19 10:44:00 0.018613333333333332 0.01859 0.01865 0 55
2017-12-19 10:46:00 0.01867 0.01855 0.01879 50 7
2017-12-19 10:47:00 0.01855 0.01855 0.01855 0 20
2017-12-19 10:49:00 0.018600000000000002 0.0185 0.01879 25 30
2017-12-19 10:50:00 0.01865 0.01865 0.01865 0 25
2017-12-19 10:54:00 0.018446666666666667 0.01841 0.01852 33 48
2017-12-19 10:55:00 0.01867 0.01867 0.01867 100 22
2017-12-19 10:56:00 0.01867 0.01867 0.01867 0 8
2017-12-19 10:59:00 0.018735 0.0187 0.01877 50 5
2017-12-19 11:00:00 0.01870285714285714 0.01854 0.01889 71 236
2017-12-19 11:02:00 0.018696666666666667 0.01868 0.01871 0 100
2017-12-19 11:03:00 0.018764999999999997 0.0186 0.01886 0 184
2017-12-19 11:04:00 0.018670000000000003 0.01861 0.0187 0 3
2017-12-19 11:05:00 0.01861 0.01852 0.0187 0 10
2017-12-19 11:06:00 0.01852 0.01852 0.01852 0 4
2017-12-19 11:12:00 0.01890333333333333 0.01875 0.01898 66 57
2017-12-19 11:13:00 0.01894 0.01894 0.01894 100 19
2017-12-19 11:15:00 0.01895 0.01895 0.01895 100 1
2017-12-19 11:16:00 0.018946666666666667 0.01894 0.01895 66 6
2017-12-19 11:19:00 0.01894 0.01894 0.01894 100 1
2017-12-19 11:34:00 0.01894 0.01894 0.01894 100 10
2017-12-19 11:37:00 0.018965000000000003 0.01895 0.01898 100 13
2017-12-19 11:40:00 0.018908333333333333 0.0189 0.01892 0 23
2017-12-19 11:43:00 0.01898 0.01898 0.01898 100 2
2017-12-19 11:44:00 0.01898 0.01898 0.01898 100 20
2017-12-19 11:49:00 0.019070000000000004 0.01897 0.01929 90 51
2017-12-19 11:50:00 0.01916 0.01916 0.01916 100 4
2017-12-19 11:53:00 0.01924 0.01924 0.01924 100 2
2017-12-19 11:57:00 0.019082500000000002 0.01906 0.01915 0 35
2017-12-19 11:58:00 0.01907 0.01907 0.01907 0 6
2017-12-19 12:03:00 0.0191 0.0191 0.0191 100 22
2017-12-19 12:08:00 0.019115 0.01911 0.01912 0 50
2017-12-19 12:13:00 0.01925 0.0192 0.0193 100 10
2017-12-19 12:15:00 0.01928 0.01928 0.01928 100 1
2017-12-19 12:16:00 0.01927 0.01927 0.01927 100 1
2017-12-19 12:18:00 0.01928 0.01928 0.01928 100 11
2017-12-19 12:20:00 0.01927 0.01927 0.01927 100 1
2017-12-19 12:21:00 0.019115 0.01911 0.01912 0 11
2017-12-19 12:22:00 0.01918 0.01918 0.01918 100 5
2017-12-19 12:23:00 0.0193 0.0193 0.0193 100 1
2017-12-19 12:26:00 0.0193 0.0193 0.0193 100 45
2017-12-19 12:27:00 0.0193825 0.0193 0.01948 100 20
2017-12-19 12:28:00 0.019495 0.01949 0.0195 100 50
2017-12-19 12:31:00 0.019445 0.01927 0.01951 75 41
2017-12-19 12:34:00 0.01928 0.01928 0.01928 0 5
2017-12-19 12:37:00 0.01944 0.01944 0.01944 0 3
2017-12-19 12:38:00 0.01944 0.01944 0.01944 0 227
2017-12-19 12:39:00 0.019497058823529412 0.01944 0.01952 11 88
2017-12-19 12:40:00 0.01959 0.01952 0.01968 62 112
2017-12-19 12:41:00 0.01959 0.01957 0.0196 0 4
2017-12-19 12:42:00 0.019597500000000004 0.01956 0.0196 0 101
2017-12-19 12:43:00 0.01945 0.01945 0.01945 0 11
2017-12-19 12:44:00 0.01944764705882353 0.01944 0.01945 0 74
2017-12-19 12:46:00 0.01935 0.01935 0.01935 0 1
2017-12-19 12:47:00 0.019350000000000003 0.01935 0.01935 0 52
2017-12-19 12:48:00 0.019418333333333333 0.01935 0.0196 16 23
2017-12-19 12:50:00 0.01942 0.01942 0.01942 0 9
2017-12-19 12:51:00 0.019405 0.01939 0.01942 0 8
2017-12-19 12:53:00 0.01941 0.0194 0.01942 33 17
2017-12-19 12:54:00 0.019367500000000003 0.0193 0.0194 0 69
2017-12-19 13:05:00 0.01956 0.01956 0.01956 100 2
2017-12-19 13:06:00 0.019334999999999998 0.01933 0.01934 0 4
2017-12-19 13:07:00 0.01933 0.01933 0.01933 0 2
2017-12-19 13:08:00 0.01932 0.01932 0.01932 0 1
2017-12-19 13:09:00 0.01941 0.01933 0.01949 50 9
2017-12-19 13:11:00 0.01957 0.01957 0.01957 100 1
2017-12-19 13:14:00 0.0195 0.0195 0.0195 100 10
2017-12-19 13:17:00 0.0194 0.0194 0.0194 0 1
2017-12-19 13:24:00 0.01957 0.01957 0.01957 100 5
2017-12-19 13:27:00 0.01962 0.01962 0.01962 100 3
2017-12-19 13:28:00 0.01962 0.01962 0.01962 100 10
2017-12-19 13:31:00 0.01959 0.01959 0.01959 100 1
2017-12-19 13:35:00 0.01945 0.01945 0.01945 0 1
2017-12-19 13:37:00 0.01957 0.0195 0.01964 50 7
2017-12-19 13:38:00 0.01963 0.01963 0.01963 100 1
2017-12-19 13:40:00 0.01951 0.01951 0.01951 0 1
2017-12-19 13:41:00 0.019665 0.01959 0.01972 100 120
2017-12-19 13:44:00 0.01972 0.01972 0.01972 100 1
2017-12-19 13:45:00 0.019615 0.01951 0.01972 50 3
2017-12-19 13:46:00 0.01972 0.01972 0.01972 100 10
2017-12-19 13:48:00 0.019518333333333332 0.01951 0.01952 0 43
2017-12-19 13:49:00 0.01950636363636363 0.0195 0.01951 0 33
2017-12-19 13:50:00 0.01950666666666667 0.0195 0.01951 0 6
2017-12-19 13:52:00 0.01951 0.01951 0.01951 0 5
2017-12-19 13:53:00 0.019485 0.01943 0.01965 25 14
2017-12-19 13:54:00 0.01965 0.01965 0.01965 100 1
2017-12-19 13:57:00 0.01964 0.01964 0.01964 100 5
2017-12-19 14:00:00 0.019514999999999998 0.01951 0.01952 50 2
2017-12-19 14:07:00 0.01946 0.01946 0.01946 0 2
2017-12-19 14:08:00 0.01945 0.01945 0.01945 0 4
2017-12-19 14:09:00 0.01946 0.01946 0.01946 0 4
2017-12-19 14:10:00 0.019405 0.01935 0.01946 0 23
2017-12-19 14:11:00 0.019296 0.01927 0.01931 0 21
2017-12-19 14:12:00 0.019385 0.0193 0.01947 50 2
2017-12-19 14:13:00 0.019309999999999997 0.0193 0.01932 0 10
2017-12-19 14:14:00 0.019295 0.01929 0.0193 0 35
2017-12-19 14:24:00 0.01941 0.01941 0.01941 100 3
2017-12-19 14:31:00 0.019435 0.01943 0.01944 100 5
2017-12-19 14:34:00 0.01946 0.01946 0.01946 100 10
2017-12-19 14:37:00 0.01948 0.01948 0.01948 100 8
2017-12-19 14:40:00 0.0194 0.0194 0.0194 100 8
2017-12-19 14:41:00 0.019285 0.01928 0.01929 25 10
2017-12-19 14:43:00 0.019272499999999998 0.01927 0.01928 0 23
2017-12-19 14:44:00 0.01927 0.01927 0.01927 0 3
2017-12-19 14:47:00 0.01939 0.01939 0.01939 100 10
2017-12-19 14:49:00 0.019333333333333334 0.01927 0.01939 33 35
2017-12-19 14:51:00 0.01938 0.01938 0.01938 100 8
2017-12-19 14:53:00 0.019235 0.01919 0.01928 50 21
2017-12-19 14:55:00 0.01922 0.01922 0.01922 0 7
2017-12-19 14:56:00 0.0193 0.0193 0.0193 100 1
2017-12-19 15:02:00 0.0193025 0.0193 0.01931 0 13
2017-12-19 15:04:00 0.019246666666666665 0.0192 0.01927 0 77
2017-12-19 15:05:00 0.019235000000000002 0.01923 0.01924 0 2
2017-12-19 15:09:00 0.0192125 0.0192 0.01923 50 13
2017-12-19 15:10:00 0.019145 0.0191 0.01919 0 15
2017-12-19 15:12:00 0.0190875 0.01907 0.0191 0 10
2017-12-19 15:14:00 0.01924 0.01924 0.01924 100 3
2017-12-19 15:16:00 0.01912 0.01912 0.01912 100 5
2017-12-19 15:22:00 0.019255 0.01924 0.01927 100 3
2017-12-19 15:25:00 0.01925 0.01925 0.01925 100 1
2017-12-19 15:29:00 0.01916 0.01916 0.01916 0 2
2017-12-19 15:32:00 0.01911666666666667 0.01907 0.01915 0 15
2017-12-19 15:34:00 0.01918 0.01918 0.01918 100 9
2017-12-19 15:35:00 0.019139999999999997 0.0191 0.01918 50 3
2017-12-19 15:36:00 0.019196666666666667 0.01914 0.01925 66 31
2017-12-19 15:37:00 0.01925666666666667 0.01925 0.01926 100 75
2017-12-19 15:40:00 0.019264999999999997 0.01925 0.01928 50 6
2017-12-19 15:42:00 0.019325 0.01928 0.01937 50 3
2017-12-19 15:43:00 0.019463333333333336 0.01935 0.01955 100 141
2017-12-19 15:44:00 0.01954 0.01954 0.01954 100 1
2017-12-19 15:45:00 0.019342000000000005 0.01932 0.01935 0 34
2017-12-19 15:46:00 0.019315 0.01931 0.01932 0 6
2017-12-19 15:47:00 0.019384000000000002 0.01931 0.0195 40 31
2017-12-19 15:48:00 0.01933 0.01933 0.01933 0 7
2017-12-19 15:49:00 0.01933 0.01933 0.01933 0 11
2017-12-19 15:50:00 0.01937857142857143 0.01933 0.0195 57 30
2017-12-19 15:52:00 0.019482 0.01944 0.01952 100 36
2017-12-19 15:53:00 0.019343333333333334 0.01931 0.01936 16 7
2017-12-19 15:54:00 0.01948 0.01948 0.01948 100 16
2017-12-19 15:57:00 0.01948 0.01948 0.01948 100 1
2017-12-19 15:58:00 0.01942 0.01935 0.01949 50 6
2017-12-19 16:01:00 0.019339999999999996 0.01931 0.01936 0 121
2017-12-19 16:02:00 0.019459999999999998 0.01942 0.0195 100 10
2017-12-19 16:04:00 0.01934 0.01934 0.01934 0 20
2017-12-19 16:11:00 0.01932 0.01932 0.01932 0 10
2017-12-19 16:12:00 0.01939 0.01939 0.01939 100 2
2017-12-19 16:13:00 0.01933333333333333 0.01928 0.01937 0 25
2017-12-19 16:16:00 0.01937 0.01937 0.01937 0 1
2017-12-19 16:19:00 0.019250000000000003 0.01916 0.01937 0 118
2017-12-19 16:21:00 0.01935 0.01935 0.01935 0 1
2017-12-19 16:25:00 0.01937 0.01937 0.01937 0 1
2017-12-19 16:29:00 0.01944 0.01944 0.01944 100 2
2017-12-19 16:42:00 0.01936 0.01936 0.01936 0 1
2017-12-19 16:48:00 0.01936 0.01936 0.01936 100 1
2017-12-19 16:52:00 0.01927 0.01927 0.01927 0 2
2017-12-19 16:55:00 0.019284000000000003 0.01926 0.01933 60 25
2017-12-19 16:56:00 0.019305 0.01926 0.01935 50 2
2017-12-19 16:57:00 0.01923 0.01923 0.01923 0 1
2017-12-19 16:59:00 0.01923 0.01923 0.01923 0 10
2017-12-19 17:00:00 0.019196666666666667 0.01913 0.01924 0 200
2017-12-19 17:02:00 0.01934 0.01934 0.01934 100 1
2017-12-19 17:03:00 0.01934 0.01934 0.01934 100 4
2017-12-19 17:04:00 0.01934 0.01934 0.01934 100 6
2017-12-19 17:05:00 0.01934 0.01934 0.01934 100 4
2017-12-19 17:12:00 0.019432222222222222 0.01941 0.01947 100 102
2017-12-19 17:19:00 0.01948 0.01948 0.01948 100 9
2017-12-19 17:20:00 0.01942 0.01942 0.01942 0 4
2017-12-19 17:25:00 0.01949 0.01949 0.01949 100 2
2017-12-19 17:27:00 0.01945 0.01945 0.01945 100 2
2017-12-19 17:32:00 0.01945 0.01945 0.01945 100 1
2017-12-19 17:35:00 0.01946 0.01946 0.01946 0 5
2017-12-19 17:37:00 0.01956 0.01956 0.01956 100 100
2017-12-19 17:47:00 0.01956 0.01956 0.01956 100 30
2017-12-19 17:51:00 0.01957 0.01957 0.01957 100 14
2017-12-19 17:52:00 0.01958333333333333 0.01958 0.01959 100 8
2017-12-19 17:59:00 0.01957 0.01957 0.01957 100 1
2017-12-19 18:04:00 0.019436666666666668 0.01942 0.01947 0 6
2017-12-19 18:06:00 0.01952 0.01943 0.01961 50 11
2017-12-19 18:11:00 0.01954 0.01944 0.01959 66 6
2017-12-19 18:16:00 0.019495 0.01947 0.01952 0 2
2017-12-19 18:19:00 0.01945 0.01945 0.01945 0 6
2017-12-19 18:30:00 0.01957333333333333 0.01956 0.01959 66 15
2017-12-19 18:32:00 0.01961 0.01961 0.01961 100 1
2017-12-19 18:33:00 0.01948 0.01948 0.01948 0 4
2017-12-19 18:37:00 0.01961 0.01961 0.01961 100 5
2017-12-19 18:38:00 0.019438571428571427 0.01936 0.01949 0 103
2017-12-19 18:42:00 0.01938 0.01938 0.01938 0 1
2017-12-19 18:45:00 0.01945 0.01945 0.01945 0 10
2017-12-19 18:46:00 0.01947 0.01946 0.01948 0 14
2017-12-19 18:50:00 0.01961 0.01961 0.01961 100 2
2017-12-19 18:51:00 0.01962 0.01962 0.01962 100 7
2017-12-19 18:56:00 0.01962 0.01962 0.01962 100 10
2017-12-19 18:58:00 0.01962 0.01962 0.01962 100 10
2017-12-19 18:59:00 0.01962 0.01962 0.01962 100 96
2017-12-19 19:00:00 0.01962 0.01962 0.01962 100 17
2017-12-19 19:02:00 0.019661428571428573 0.01962 0.01973 100 170
2017-12-19 19:03:00 0.01974 0.01973 0.01975 100 5
2017-12-19 19:05:00 0.01975 0.01975 0.01975 100 1
2017-12-19 19:06:00 0.01975 0.01975 0.01975 100 3
2017-12-19 19:07:00 0.01975 0.01975 0.01975 100 7
2017-12-19 19:08:00 0.019614285714285713 0.01954 0.0197 0 135
2017-12-19 19:09:00 0.01975666666666667 0.01975 0.01977 100 59
2017-12-19 19:10:00 0.01984875 0.01981 0.01989 87 83
2017-12-19 19:11:00 0.019923333333333335 0.01989 0.01998 100 28
2017-12-19 19:12:00 0.01996909090909091 0.0199 0.02 90 95
2017-12-19 19:13:00 0.019995000000000002 0.01998 0.02 100 19
2017-12-19 19:14:00 0.020052000000000004 0.02 0.02011 100 221
2017-12-19 19:15:00 0.02003 0.01997 0.02011 25 31
2017-12-19 19:16:00 0.020056250000000005 0.02 0.02015 50 30
2017-12-19 19:18:00 0.02 0.02 0.02 100 10
2017-12-19 19:19:00 0.020110000000000003 0.02 0.02019 83 46
2017-12-19 19:20:00 0.02005 0.02001 0.02017 25 46
2017-12-19 19:21:00 0.019993333333333335 0.01997 0.02001 0 29
2017-12-19 19:22:00 0.02016 0.02016 0.02016 100 20
2017-12-19 19:23:00 0.02016 0.02016 0.02016 100 1
2017-12-19 19:24:00 0.02015 0.02015 0.02015 100 10
2017-12-19 19:25:00 0.01999 0.01999 0.01999 0 5
2017-12-19 19:26:00 0.02014 0.02014 0.02014 100 20
2017-12-19 19:27:00 0.0199975 0.01999 0.02 0 12
2017-12-19 19:28:00 0.01999 0.01999 0.01999 0 14
2017-12-19 19:29:00 0.02014 0.02014 0.02014 100 1
2017-12-19 19:31:00 0.020005000000000002 0.01997 0.02005 25 46
2017-12-19 19:32:00 0.0199125 0.01985 0.01997 25 14
2017-12-19 19:34:00 0.019933333333333334 0.01992 0.01994 0 36
2017-12-19 19:35:00 0.019905 0.01988 0.01993 0 11
2017-12-19 19:36:00 0.01993 0.01993 0.01993 0 2
2017-12-19 19:39:00 0.0200825 0.02002 0.02015 100 16
2017-12-19 19:41:00 0.02015 0.02015 0.02015 100 2
2017-12-19 19:42:00 0.02017 0.02017 0.02017 100 76
2017-12-19 19:43:00 0.02017 0.02017 0.02017 100 63
2017-12-19 19:44:00 0.0201 0.02003 0.02017 50 10
2017-12-19 19:45:00 0.02004166666666667 0.02 0.02009 0 20
2017-12-19 19:47:00 0.02017 0.02017 0.02017 100 1
2017-12-19 19:49:00 0.02002 0.02002 0.02002 0 10
2017-12-19 19:51:00 0.020035 0.02 0.02007 50 15
2017-12-19 19:52:00 0.019919999999999997 0.01986 0.01995 0 20
2017-12-19 19:53:00 0.0199 0.0199 0.0199 0 13
2017-12-19 19:56:00 0.01987 0.01987 0.01987 0 5
2017-12-19 19:57:00 0.019813333333333332 0.01975 0.01984 0 67
2017-12-19 19:59:00 0.019805000000000003 0.0198 0.01981 100 2
2017-12-19 20:01:00 0.01983 0.01975 0.02 37 70
2017-12-19 20:04:00 0.01987 0.01987 0.01987 100 5
2017-12-19 20:09:00 0.01987 0.01987 0.01987 0 1
2017-12-19 20:11:00 0.01973777777777778 0.0196 0.01987 0 168
2017-12-19 20:14:00 0.0199 0.0199 0.0199 100 7
2017-12-20 00:29:00 0.01925666666666667 0.01925 0.01926 100 19
2017-12-20 00:30:00 0.019072 0.01894 0.01926 40 33
2017-12-20 00:31:00 0.0189725 0.01868 0.01925 25 328
2017-12-20 00:32:00 0.0187 0.0187 0.0187 0 20
2017-12-20 00:33:00 0.01876 0.01876 0.01876 0 20
2017-12-20 00:34:00 0.01876 0.01876 0.01876 0 1
2017-12-20 00:36:00 0.01925 0.01925 0.01925 100 4
2017-12-20 00:37:00 0.018924999999999997 0.01881 0.01925 25 83
2017-12-20 00:38:00 0.01906 0.01906 0.01906 100 4
2017-12-20 00:39:00 0.018733333333333334 0.01873 0.01874 0 16
2017-12-20 00:40:00 0.01867 0.01867 0.01867 0 16
2017-12-20 00:42:00 0.019 0.019 0.019 100 5
2017-12-20 00:44:00 0.01876 0.01876 0.01876 100 252
2017-12-20 00:45:00 0.01874 0.01868 0.01876 75 32
2017-12-20 00:46:00 0.01876 0.01876 0.01876 100 115
2017-12-20 00:47:00 0.01876 0.01876 0.01876 100 2
2017-12-20 00:48:00 0.01876 0.01876 0.01876 100 191
2017-12-20 00:49:00 0.01876 0.01876 0.01876 100 70
2017-12-20 00:50:00 0.018725454545454545 0.01863 0.01876 63 599
2017-12-20 00:51:00 0.01873 0.01863 0.01877 63 537
2017-12-20 00:52:00 0.01932666666666667 0.0193 0.01937 0 121
2017-12-20 00:53:00 0.01928 0.01924 0.01934 50 361
2017-12-20 00:54:00 0.019286 0.01925 0.0193 60 181
2017-12-20 00:55:00 0.019255 0.01921 0.0193 100 50
2017-12-20 00:56:00 0.01904 0.01904 0.01904 0 6
2017-12-20 00:57:00 0.01902 0.01902 0.01902 0 5
2017-12-20 00:58:00 0.0190075 0.019 0.01902 25 51
2017-12-20 01:00:00 0.019048000000000002 0.01883 0.01923 80 6
2017-12-20 01:02:00 0.01915 0.01915 0.01915 100 6
2017-12-20 01:03:00 0.019203333333333333 0.01915 0.01923 100 100
2017-12-20 01:05:00 0.018908333333333336 0.01882 0.01906 0 100
2017-12-20 01:07:00 0.019253333333333334 0.01923 0.01929 100 61
2017-12-20 01:09:00 0.019253333333333334 0.01912 0.01935 100 100
2017-12-20 01:11:00 0.01944 0.01944 0.01944 100 1
2017-12-20 01:12:00 0.01955 0.01954 0.01956 100 201
2017-12-20 01:13:00 0.019511666666666667 0.01929 0.01959 83 112
2017-12-20 01:14:00 0.01929 0.01929 0.01929 0 9
2017-12-20 01:15:00 0.019555 0.01952 0.0196 100 100
2017-12-20 01:16:00 0.01957 0.01957 0.01957 100 10
2017-12-20 01:18:00 0.01952 0.01952 0.01952 100 1
2017-12-20 01:22:00 0.01934 0.01934 0.01934 0 5
2017-12-20 01:23:00 0.01935 0.01935 0.01935 0 1
2017-12-20 01:26:00 0.019366666666666667 0.01932 0.01939 100 35
2017-12-20 01:27:00 0.0194 0.0194 0.0194 100 5
2017-12-20 01:28:00 0.01933 0.01933 0.01933 0 30
2017-12-20 01:33:00 0.019225 0.01917 0.01928 0 41
2017-12-20 01:36:00 0.01928 0.01928 0.01928 0 1
2017-12-20 01:37:00 0.01924 0.01924 0.01924 0 20
2017-12-20 01:39:00 0.019310000000000004 0.0193 0.01932 100 25
2017-12-20 01:40:00 0.019176666666666665 0.01916 0.0192 0 55
2017-12-20 01:43:00 0.01915 0.01915 0.01915 0 1
2017-12-20 01:44:00 0.01915 0.01915 0.01915 0 12
2017-12-20 01:45:00 0.018995714285714286 0.01898 0.01901 14 205
2017-12-20 01:46:00 0.01895 0.01895 0.01895 0 40
2017-12-20 01:47:00 0.01899 0.01899 0.01899 0 35
2017-12-20 01:48:00 0.019312000000000003 0.01907 0.01944 80 31
2017-12-20 01:49:00 0.01943 0.01943 0.01943 100 1
2017-12-20 01:50:00 0.01931 0.01924 0.01938 50 16
2017-12-20 01:52:00 0.01938 0.01938 0.01938 100 29
2017-12-20 01:53:00 0.019083999999999997 0.01902 0.01921 0 15
2017-12-20 01:56:00 0.019135 0.01906 0.01934 25 107
2017-12-20 01:57:00 0.01937 0.01932 0.01942 50 29
2017-12-20 01:58:00 0.01915 0.01905 0.01925 0 120
2017-12-20 01:59:00 0.01919 0.01905 0.01927 33 34
2017-12-20 02:00:00 0.01926 0.01926 0.01926 0 1
2017-12-20 02:03:00 0.019205 0.0192 0.01921 0 44
2017-12-20 02:08:00 0.019104999999999997 0.0191 0.01911 0 10
2017-12-20 02:10:00 0.01933 0.01933 0.01933 100 1
2017-12-20 02:14:00 0.01915 0.01915 0.01915 0 150
2017-12-20 02:16:00 0.019104999999999997 0.0191 0.01911 0 2
2017-12-20 02:18:00 0.01933 0.01933 0.01933 100 3
2017-12-20 02:19:00 0.01943 0.01942 0.01944 100 4
2017-12-20 02:22:00 0.01946 0.01946 0.01946 100 2
2017-12-20 02:23:00 0.01919 0.01919 0.01919 0 50
2017-12-20 02:24:00 0.019185 0.01918 0.01919 0 14
2017-12-20 02:26:00 0.01917 0.01917 0.01917 0 9
2017-12-20 02:28:00 0.01916 0.01916 0.01916 0 11
2017-12-20 02:29:00 0.01917 0.01917 0.01917 0 10
2017-12-20 02:30:00 0.01912285714285714 0.01906 0.01916 0 151
2017-12-20 02:31:00 0.019094999999999997 0.01908 0.01911 0 175
2017-12-20 02:34:00 0.01913 0.01913 0.01913 0 2
2017-12-20 02:37:00 0.01925 0.01925 0.01925 0 1
2017-12-20 02:38:00 0.01949 0.01949 0.01949 66 10
2017-12-20 02:39:00 0.019495 0.01948 0.01951 100 20
2017-12-20 02:43:00 0.019523333333333334 0.0195 0.01955 100 26
2017-12-20 02:52:00 0.01948 0.0194 0.01954 33 19
2017-12-20 02:55:00 0.019175 0.01903 0.01948 10 170
2017-12-20 02:59:00 0.01917 0.01917 0.01917 0 1
2017-12-20 03:00:00 0.01947 0.01947 0.01947 100 1
2017-12-20 03:01:00 0.01914333333333333 0.01909 0.01917 0 20
2017-12-20 03:03:00 0.01928 0.01928 0.01928 0 1
2017-12-20 03:05:00 0.01946 0.01946 0.01946 100 55
2017-12-20 03:06:00 0.01946 0.01946 0.01946 100 4
2017-12-20 03:10:00 0.01946 0.01946 0.01946 100 56
2017-12-20 03:17:00 0.01947 0.01947 0.01947 100 5
2017-12-20 03:18:00 0.01947 0.01947 0.01947 100 1
2017-12-20 03:19:00 0.01927 0.01927 0.01927 0 2
2017-12-20 03:21:00 0.01936 0.01936 0.01936 100 11
2017-12-20 03:23:00 0.01939 0.01936 0.01943 100 7
2017-12-20 03:24:00 0.0194225 0.0194 0.01946 100 4
2017-12-20 03:25:00 0.01941 0.01941 0.01941 100 4
2017-12-20 03:32:00 0.01946 0.01946 0.01946 100 1
2017-12-20 03:38:00 0.019453333333333333 0.01941 0.01948 66 40
2017-12-20 03:41:00 0.01928 0.01928 0.01928 0 50
2017-12-20 03:46:00 0.01949 0.01949 0.01949 100 1
2017-12-20 03:50:00 0.01948 0.01948 0.01948 100 1
2017-12-20 03:55:00 0.019174999999999998 0.01917 0.01918 0 10
2017-12-20 03:56:00 0.019166666666666665 0.01916 0.01917 0 4
2017-12-20 03:57:00 0.01932 0.01932 0.01932 0 270
2017-12-20 03:59:00 0.01932 0.01932 0.01932 0 58
2017-12-20 04:01:00 0.0194 0.0194 0.0194 100 5
2017-12-20 04:07:00 0.01932 0.01932 0.01932 0 1
2017-12-20 04:08:00 0.01942 0.01942 0.01942 100 5
2017-12-20 04:17:00 0.01932 0.01932 0.01932 0 2
2017-12-20 04:19:00 0.01932 0.01932 0.01932 0 52
2017-12-20 04:21:00 0.01932 0.01932 0.01932 0 3
2017-12-20 04:24:00 0.019342 0.01932 0.0194 80 115
2017-12-20 04:28:00 0.01933 0.01933 0.01933 100 1
2017-12-20 04:29:00 0.019325000000000002 0.01932 0.01933 0 25
2017-12-20 04:30:00 0.019409999999999997 0.01937 0.01945 100 11
2017-12-20 04:32:00 0.01946 0.01946 0.01946 100 1
2017-12-20 04:34:00 0.01946 0.01946 0.01946 100 1
2017-12-20 04:49:00 0.01950333333333333 0.01949 0.01952 100 50
2017-12-20 04:51:00 0.019613333333333333 0.0196 0.01963 100 50
2017-12-20 04:58:00 0.01972 0.01969 0.01975 100 2
2017-12-20 04:59:00 0.019825714285714287 0.01975 0.01987 100 188
2017-12-20 05:01:00 0.019886666666666667 0.01988 0.01989 100 12
2017-12-20 05:02:00 0.01993 0.01993 0.01993 100 1
2017-12-20 05:09:00 0.01988 0.01988 0.01988 100 5
2017-12-20 05:10:00 0.01985 0.01985 0.01985 100 5
2017-12-20 05:12:00 0.01987 0.01986 0.01988 100 32
2017-12-20 05:15:00 0.019825000000000002 0.01975 0.0199 50 57
2017-12-20 05:20:00 0.01976 0.01975 0.01977 0 3
2017-12-20 05:21:00 0.01975 0.01975 0.01975 0 3
2017-12-20 05:30:00 0.01976 0.01976 0.01976 0 2
2017-12-20 05:32:00 0.019752000000000002 0.01975 0.01976 0 90
2017-12-20 05:36:00 0.01975 0.01975 0.01975 0 5
2017-12-20 05:42:00 0.0198 0.0198 0.0198 100 1
2017-12-20 05:45:00 0.01975 0.01975 0.01975 0 2
2017-12-20 05:46:00 0.01973 0.01973 0.01973 0 1
2017-12-20 05:49:00 0.01952 0.01952 0.01952 0 5
2017-12-20 05:50:00 0.01952 0.01952 0.01952 0 3
2017-12-20 05:51:00 0.01957 0.01957 0.01957 0 1
2017-12-20 05:54:00 0.01965 0.01965 0.01965 100 1
2017-12-20 05:55:00 0.01971 0.01971 0.01971 100 3
2017-12-20 05:56:00 0.019694999999999997 0.01969 0.0197 100 2
2017-12-20 05:57:00 0.0196 0.0196 0.0196 0 2
2017-12-20 05:58:00 0.019584999999999998 0.01958 0.01959 50 2
2017-12-20 06:01:00 0.019715 0.01971 0.01972 100 5
2017-12-20 06:04:00 0.019775 0.0197 0.0198 75 91
2017-12-20 06:06:00 0.01968 0.01966 0.01969 0 10
2017-12-20 06:07:00 0.0198 0.0198 0.0198 100 5
2017-12-20 06:11:00 0.019680000000000003 0.01963 0.01977 16 71
2017-12-20 06:12:00 0.01963 0.01963 0.01963 0 1
2017-12-20 06:15:00 0.01964 0.01964 0.01964 0 1
2017-12-20 06:20:00 0.019455 0.01945 0.01946 0 8
2017-12-20 06:22:00 0.019385 0.01936 0.01941 50 5
2017-12-20 06:24:00 0.019615 0.01961 0.01962 100 120
2017-12-20 06:31:00 0.01951 0.01951 0.01951 0 100
2017-12-20 06:32:00 0.01946 0.01946 0.01946 0 100
2017-12-20 06:35:00 0.019348333333333332 0.01934 0.01936 0 138
2017-12-20 06:36:00 0.01932666666666667 0.01932 0.01933 0 29
2017-12-20 06:44:00 0.019604999999999997 0.0196 0.01961 100 79
2017-12-20 06:46:00 0.01962 0.01962 0.01962 100 130
2017-12-20 06:48:00 0.01977 0.01977 0.01977 100 1
2017-12-20 06:52:00 0.01969 0.01969 0.01969 100 1
2017-12-20 06:54:00 0.01968 0.01968 0.01968 100 9
2017-12-20 06:56:00 0.01969 0.01967 0.01971 100 30
2017-12-20 06:59:00 0.019694999999999997 0.01969 0.0197 100 50
2017-12-20 07:07:00 0.01976 0.01976 0.01976 100 100
2017-12-20 07:11:00 0.01978 0.01978 0.01978 100 1
2017-12-20 07:13:00 0.01978 0.01978 0.01978 100 21
2017-12-20 07:17:00 0.01976 0.01976 0.01976 100 27
2017-12-20 07:19:00 0.0197825 0.01977 0.01979 100 25
2017-12-20 07:21:00 0.01977 0.01977 0.01977 100 2
2017-12-20 07:24:00 0.01975 0.01975 0.01975 0 2
2017-12-20 07:25:00 0.01976 0.01975 0.01977 0 5
2017-12-20 07:28:00 0.0195 0.0195 0.0195 0 1
2017-12-20 07:30:00 0.0196 0.0196 0.0196 100 4
2017-12-20 07:36:00 0.019354000000000003 0.01927 0.01951 0 312
2017-12-20 07:37:00 0.0193 0.0193 0.0193 0 20
2017-12-20 07:39:00 0.019313333333333335 0.01929 0.01933 0 100
2017-12-20 07:40:00 0.01933 0.01933 0.01933 0 30
2017-12-20 07:44:00 0.01926142857142857 0.0191 0.01931 14 62
2017-12-20 07:45:00 0.01925 0.01925 0.01925 0 1
2017-12-20 07:46:00 0.01925 0.01925 0.01925 0 35
2017-12-20 07:47:00 0.019113076923076924 0.01902 0.01925 0 812
2017-12-20 07:48:00 0.01908 0.01908 0.01908 0 11
2017-12-20 07:49:00 0.01908 0.01908 0.01908 0 36
2017-12-20 07:51:00 0.01908 0.01908 0.01908 0 36
2017-12-20 07:52:00 0.01908 0.01908 0.01908 0 30
2017-12-20 07:53:00 0.019093333333333334 0.01909 0.0191 0 80
2017-12-20 07:54:00 0.01915 0.01915 0.01915 0 25
2017-12-20 07:55:00 0.019375 0.01935 0.0194 50 55
2017-12-20 07:57:00 0.01914285714285714 0.019 0.01927 0 20
2017-12-20 07:58:00 0.019014999999999997 0.01901 0.01902 0 5
2017-12-20 07:59:00 0.01905 0.01905 0.01905 0 30
2017-12-20 08:06:00 0.01914 0.01914 0.01914 0 1
2017-12-20 08:07:00 0.018999 0.01878 0.01914 5 176
2017-12-20 08:08:00 0.018976666666666666 0.01885 0.01918 0 16
2017-12-20 08:09:00 0.01901 0.01888 0.01915 33 51
2017-12-20 08:10:00 0.01915 0.01915 0.01915 100 6
2017-12-20 08:11:00 0.019132000000000003 0.01912 0.01915 80 34
2017-12-20 08:12:00 0.01885 0.01885 0.01885 0 3
2017-12-20 08:13:00 0.019030000000000002 0.01899 0.01914 75 49
2017-12-20 08:14:00 0.018940000000000002 0.01881 0.01899 88 43
2017-12-20 08:15:00 0.01882 0.01882 0.01882 0 1
2017-12-20 08:16:00 0.01882 0.01882 0.01882 0 3
2017-12-20 08:17:00 0.018869285714285717 0.01877 0.01899 78 101
2017-12-20 08:18:00 0.018717499999999998 0.01868 0.01879 75 83
2017-12-20 08:19:00 0.018642777777777782 0.01854 0.01878 38 577
2017-12-20 08:20:00 0.0186575 0.0186 0.01875 100 29
2017-12-20 08:21:00 0.018639999999999997 0.0186 0.01869 0 31
2017-12-20 08:22:00 0.018661666666666663 0.01859 0.01879 0 50
2017-12-20 08:27:00 0.0188 0.01863 0.01897 50 2
2017-12-20 08:28:00 0.01895 0.01891 0.01899 60 56
2017-12-20 08:29:00 0.01876 0.01876 0.01876 0 3
2017-12-20 08:30:00 0.01876 0.01876 0.01876 0 10
2017-12-20 08:31:00 0.018802 0.01875 0.01898 20 25
2017-12-20 08:32:00 0.018809999999999997 0.01864 0.01898 12 50
2017-12-20 08:33:00 0.01861 0.01861 0.01861 0 5
2017-12-20 08:34:00 0.01866 0.01866 0.01866 0 1
2017-12-20 08:35:00 0.018955000000000003 0.01893 0.01897 100 43
2017-12-20 08:38:00 0.01893 0.01893 0.01893 100 5
2017-12-20 08:39:00 0.018893333333333335 0.01888 0.0189 66 22
2017-12-20 08:40:00 0.018965 0.01895 0.01898 100 20
2017-12-20 08:41:00 0.01898 0.01898 0.01898 100 1
2017-12-20 08:42:00 0.018845 0.01881 0.01888 50 5
2017-12-20 08:43:00 0.01898 0.01898 0.01898 100 12
2017-12-20 08:44:00 0.0189 0.0189 0.0189 100 10
2017-12-20 08:45:00 0.018744999999999998 0.01872 0.01877 0 10
2017-12-20 08:48:00 0.01886 0.01886 0.01886 0 36
2017-12-20 08:49:00 0.01898 0.01898 0.01898 100 9
2017-12-20 08:53:00 0.018981666666666668 0.01897 0.019 100 113
2017-12-20 08:54:00 0.01899 0.01899 0.01899 100 12
2017-12-20 09:02:00 0.01892 0.01892 0.01892 0 5
2017-12-20 09:03:00 0.01899 0.01899 0.01899 100 2
2017-12-20 09:07:00 0.01899 0.01899 0.01899 100 2
2017-12-20 09:14:00 0.018925 0.0189 0.01895 0 68
2017-12-20 09:15:00 0.0189 0.0189 0.0189 0 1
2017-12-20 09:18:00 0.01897 0.01897 0.01897 100 1
2017-12-20 09:20:00 0.0189 0.0189 0.0189 0 1
2017-12-20 09:23:00 0.01889 0.01889 0.01889 0 1
2017-12-20 09:25:00 0.01886 0.01886 0.01886 0 2
2017-12-20 09:26:00 0.01886 0.01886 0.01886 0 2
2017-12-20 09:27:00 0.018834999999999998 0.01881 0.01886 0 20
2017-12-20 09:28:00 0.01881 0.01881 0.01881 0 1
2017-12-20 09:31:00 0.01882 0.01882 0.01882 0 1
2017-12-20 09:33:00 0.018765 0.01869 0.01881 0 48
2017-12-20 09:35:00 0.018669 0.01859 0.01873 0 115
2017-12-20 09:36:00 0.01866 0.01866 0.01866 0 1
2017-12-20 09:37:00 0.018654999999999998 0.01865 0.01866 0 20
2017-12-20 09:39:00 0.018756666666666668 0.01865 0.01881 66 11
2017-12-20 09:40:00 0.01881 0.01881 0.01881 100 6
2017-12-20 09:41:00 0.018735 0.01872 0.01875 100 6
2017-12-20 09:42:00 0.01880666666666667 0.0188 0.01881 100 51
2017-12-20 09:47:00 0.01866 0.01865 0.01867 0 20
2017-12-20 09:48:00 0.01869 0.01869 0.01869 0 12
2017-12-20 09:49:00 0.01876 0.01872 0.0188 50 7
2017-12-20 09:50:00 0.01889 0.01889 0.01889 100 1
2017-12-20 09:53:00 0.018682857142857143 0.01865 0.01872 0 45
2017-12-20 09:57:00 0.0188 0.0188 0.0188 100 1
2017-12-20 09:58:00 0.01879 0.01879 0.01879 100 1
2017-12-20 10:00:00 0.01879 0.01879 0.01879 100 15
2017-12-20 10:05:00 0.01866 0.01865 0.01867 0 12
2017-12-20 10:06:00 0.01865 0.01865 0.01865 0 26
2017-12-20 10:11:00 0.01887 0.01887 0.01887 100 1
2017-12-20 10:15:00 0.01887 0.01887 0.01887 100 10
2017-12-20 10:16:00 0.01887 0.01887 0.01887 100 20
2017-12-20 10:17:00 0.01887 0.01887 0.01887 100 30
2017-12-20 10:18:00 0.018764999999999997 0.01876 0.01877 0 12
2017-12-20 10:19:00 0.018581 0.01851 0.01866 0 51
2017-12-20 10:23:00 0.01872 0.01872 0.01872 100 1
2017-12-20 10:24:00 0.018502857142857147 0.01845 0.01856 0 56
2017-12-20 10:25:00 0.01868 0.01867 0.01869 100 2
2017-12-20 10:28:00 0.01867 0.01867 0.01867 100 10
2017-12-20 10:29:00 0.01867 0.01867 0.01867 100 33
2017-12-20 10:30:00 0.01858 0.01849 0.01867 100 16
2017-12-20 10:31:00 0.018481249999999998 0.01845 0.0185 37 34
2017-12-20 10:33:00 0.01849 0.01848 0.0185 50 7
2017-12-20 10:34:00 0.0185 0.0185 0.0185 100 5
2017-12-20 10:35:00 0.01846 0.01846 0.01846 0 1
2017-12-20 10:36:00 0.018685 0.01868 0.01869 100 5
2017-12-20 10:37:00 0.01871 0.01871 0.01871 100 1
2017-12-20 10:42:00 0.01869 0.01869 0.01869 0 1
2017-12-20 10:43:00 0.0187 0.0187 0.0187 100 5
2017-12-20 10:44:00 0.01879 0.01879 0.01879 100 10
2017-12-20 10:46:00 0.018779999999999998 0.01877 0.01879 50 6
2017-12-20 10:47:00 0.01876 0.01876 0.01876 0 1
2017-12-20 10:51:00 0.01871 0.0187 0.01873 50 13
2017-12-20 10:52:00 0.0187 0.0187 0.0187 0 1
2017-12-20 10:53:00 0.018655 0.01861 0.0187 0 10
2017-12-20 10:59:00 0.0187 0.0187 0.0187 0 10
2017-12-20 11:00:00 0.01865 0.01865 0.01865 0 9
2017-12-20 11:04:00 0.01851833333333333 0.01842 0.01865 0 60
2017-12-20 11:05:00 0.01843 0.01843 0.01843 0 160
2017-12-20 11:06:00 0.01842388888888889 0.01821 0.01886 11 130
2017-12-20 11:07:00 0.018335833333333332 0.01813 0.0185 0 120
2017-12-20 11:08:00 0.018170000000000002 0.01815 0.01818 0 120
2017-12-20 11:09:00 0.018233000000000003 0.01811 0.01832 0 440
2017-12-20 11:11:00 0.01871 0.01871 0.01871 100 1
2017-12-20 11:12:00 0.01871 0.01871 0.01871 100 2
2017-12-20 11:15:00 0.01869 0.01869 0.01869 100 2
2017-12-20 11:17:00 0.01864 0.01864 0.01864 100 3
2017-12-20 11:18:00 0.01864 0.01864 0.01864 100 9
2017-12-20 11:20:00 0.01857 0.0185 0.01864 50 22
2017-12-20 11:21:00 0.01864 0.01864 0.01864 100 10
2017-12-20 11:22:00 0.018295 0.01829 0.0183 0 5
2017-12-20 11:23:00 0.01864 0.01864 0.01864 100 20
2017-12-20 11:25:00 0.01864 0.01864 0.01864 100 1
2017-12-20 11:29:00 0.01848 0.01846 0.0185 0 5
2017-12-20 11:33:00 0.01864 0.01864 0.01864 100 2
2017-12-20 11:34:00 0.01849333333333333 0.01849 0.0185 66 43
2017-12-20 11:36:00 0.01849 0.01849 0.01849 100 21
2017-12-20 11:37:00 0.018425 0.01839 0.01846 50 37
2017-12-20 11:38:00 0.01843 0.01843 0.01843 0 1
2017-12-20 11:39:00 0.01846 0.01846 0.01846 100 11
2017-12-20 11:40:00 0.018449999999999998 0.01843 0.01846 66 4
2017-12-20 11:42:00 0.018424999999999997 0.01842 0.01843 100 10
2017-12-20 11:49:00 0.01831 0.0183 0.01832 0 20
2017-12-20 11:50:00 0.0183 0.0183 0.0183 0 1
2017-12-20 11:54:00 0.01846 0.01846 0.01846 100 30
2017-12-20 11:55:00 0.01846 0.01846 0.01846 100 15
2017-12-20 12:04:00 0.01846 0.01846 0.01846 0 2
2017-12-20 12:05:00 0.01851 0.01851 0.01851 100 21
2017-12-20 12:06:00 0.018444000000000002 0.01831 0.01853 60 16
2017-12-20 12:08:00 0.01855 0.01855 0.01855 100 14
2017-12-20 12:11:00 0.01855 0.01855 0.01855 100 5
2017-12-20 12:12:00 0.018415 0.01839 0.01844 0 2
2017-12-20 12:15:00 0.01855 0.01855 0.01855 100 5
2017-12-20 12:16:00 0.01855 0.01855 0.01855 100 2
2017-12-20 12:17:00 0.01855 0.01855 0.01855 100 3
2017-12-20 12:18:00 0.018505 0.01837 0.01855 75 17
2017-12-20 12:20:00 0.01838 0.01838 0.01838 0 2
2017-12-20 12:22:00 0.01839 0.01838 0.0184 50 2
2017-12-20 12:23:00 0.01839 0.01839 0.01839 100 5
2017-12-20 12:24:00 0.01836166666666667 0.01835 0.01839 50 40
2017-12-20 12:26:00 0.01835 0.01835 0.01835 100 4
2017-12-20 12:27:00 0.018255 0.01821 0.01834 0 20
2017-12-20 12:28:00 0.01822125 0.01821 0.01825 75 41
2017-12-20 12:29:00 0.01824 0.01824 0.01824 0 1
2017-12-20 12:32:00 0.018221666666666667 0.01821 0.01824 16 17
2017-12-20 12:33:00 0.0182475 0.01824 0.01825 100 65
2017-12-20 12:34:00 0.01825 0.01825 0.01825 100 9
2017-12-20 12:36:00 0.01826 0.01824 0.0183 33 38
2017-12-20 12:37:00 0.01838 0.01838 0.01838 100 1
2017-12-20 12:38:00 0.01837 0.01837 0.01837 100 1
2017-12-20 12:39:00 0.01837 0.01837 0.01837 100 1
2017-12-20 12:40:00 0.01837 0.01837 0.01837 100 12
2017-12-20 12:41:00 0.018453333333333335 0.01844 0.01847 66 161
2017-12-20 12:42:00 0.018435 0.01843 0.01844 0 10
2017-12-20 12:43:00 0.018476666666666666 0.01847 0.01848 66 83
2017-12-20 12:44:00 0.01849 0.01848 0.01851 100 17
2017-12-20 12:45:00 0.01852 0.01852 0.01852 100 1
2017-12-20 12:46:00 0.0185125 0.01849 0.01853 100 106
2017-12-20 12:48:00 0.018559999999999997 0.01849 0.01864 66 310
2017-12-20 12:49:00 0.01864 0.01864 0.01864 100 3
2017-12-20 12:50:00 0.018623333333333335 0.01862 0.01863 0 4
2017-12-20 12:51:00 0.0187 0.0187 0.0187 100 80
2017-12-20 12:52:00 0.018737999999999998 0.01873 0.01874 100 37
2017-12-20 12:53:00 0.01878 0.01874 0.01882 80 13
2017-12-20 12:54:00 0.018785 0.01877 0.0188 50 16
2017-12-20 12:56:00 0.018855 0.01884 0.01887 50 15
2017-12-20 12:57:00 0.01887 0.01887 0.01887 100 5
2017-12-20 12:58:00 0.018884 0.01886 0.01889 80 23
2017-12-20 12:59:00 0.018875 0.01886 0.01889 50 2
2017-12-20 13:01:00 0.01889 0.01889 0.01889 100 16
2017-12-20 13:02:00 0.018972857142857142 0.01894 0.019 100 57
2017-12-20 13:03:00 0.019 0.019 0.019 100 45
2017-12-20 13:04:00 0.01891 0.01891 0.01891 0 9
2017-12-20 13:05:00 0.018915 0.0189 0.01893 50 3
2017-12-20 13:06:00 0.01891 0.01891 0.01891 0 116
2017-12-20 13:08:00 0.01889 0.01889 0.01889 0 2
2017-12-20 13:10:00 0.01882 0.01882 0.01882 100 2
2017-12-20 13:11:00 0.01886625 0.01882 0.01891 100 128
2017-12-20 13:13:00 0.01891 0.01891 0.01891 100 5
2017-12-20 13:20:00 0.01891 0.01891 0.01891 100 6
2017-12-20 13:24:00 0.01889 0.01889 0.01889 0 5
2017-12-20 13:25:00 0.01889 0.01889 0.01889 0 8
2017-12-20 13:27:00 0.01889 0.01889 0.01889 0 1
2017-12-20 13:29:00 0.01889 0.01889 0.01889 0 1
2017-12-20 13:31:00 0.01893 0.01893 0.01893 0 2
2017-12-20 13:32:00 0.018924999999999997 0.01891 0.01894 100 7
2017-12-20 13:33:00 0.01891 0.01891 0.01891 100 5
2017-12-20 13:34:00 0.01889 0.01889 0.01889 0 1
2017-12-20 13:38:00 0.018845 0.01882 0.01889 0 40
2017-12-20 13:40:00 0.01886 0.01886 0.01886 100 15
2017-12-20 13:41:00 0.018905 0.01882 0.01895 75 31
2017-12-20 13:42:00 0.01885 0.01884 0.01886 0 9
2017-12-20 13:43:00 0.01884 0.01884 0.01884 0 6
2017-12-20 13:44:00 0.01882 0.01882 0.01882 0 4
2017-12-20 13:46:00 0.01881 0.0188 0.01882 50 6
2017-12-20 13:47:00 0.018785 0.01877 0.0188 50 5
2017-12-20 13:49:00 0.01885 0.01885 0.01885 100 6
2017-12-20 13:50:00 0.018949999999999998 0.01894 0.01896 100 30
2017-12-20 13:51:00 0.01889 0.01889 0.01889 0 10
2017-12-20 13:52:00 0.01897 0.01897 0.01897 100 1
2017-12-20 13:55:00 0.018816666666666666 0.01879 0.01883 0 30
2017-12-20 13:56:00 0.01883 0.01883 0.01883 0 2
2017-12-20 13:59:00 0.01884 0.01884 0.01884 100 2
2017-12-20 14:01:00 0.01872333333333333 0.01869 0.01876 0 13
2017-12-20 14:02:00 0.018655 0.01862 0.01869 0 25
2017-12-20 14:03:00 0.018650000000000003 0.01861 0.0187 33 13
2017-12-20 14:04:00 0.01858 0.01858 0.01858 0 1
2017-12-20 14:05:00 0.018563333333333334 0.01855 0.01857 0 40
2017-12-20 14:09:00 0.01868 0.01868 0.01868 0 5
2017-12-20 14:11:00 0.01865 0.01865 0.01865 100 1
2017-12-20 14:12:00 0.018771111111111113 0.01873 0.0188 100 109
2017-12-20 14:13:00 0.01879 0.01879 0.01879 100 20
2017-12-20 14:15:00 0.018755 0.01874 0.01877 50 6
2017-12-20 14:17:00 0.01868 0.01864 0.01874 25 21
2017-12-20 14:18:00 0.01871 0.01871 0.01871 100 6
2017-12-20 14:19:00 0.01872 0.01872 0.01872 100 6
2017-12-20 14:20:00 0.01871 0.01871 0.01871 100 30
2017-12-20 14:22:00 0.018613333333333332 0.01859 0.01863 0 18
2017-12-20 14:23:00 0.018645000000000002 0.01864 0.01865 100 2
2017-12-20 14:24:00 0.01864 0.01864 0.01864 100 20
2017-12-20 14:26:00 0.01864 0.01864 0.01864 100 15
2017-12-20 14:27:00 0.018592499999999998 0.01857 0.01861 75 24
2017-12-20 14:28:00 0.018526666666666667 0.01847 0.01858 33 44
2017-12-20 14:29:00 0.01848 0.01843 0.01853 16 84
2017-12-20 14:30:00 0.01849 0.01849 0.01849 100 1
2017-12-20 14:31:00 0.01848 0.01848 0.01848 100 1
2017-12-20 14:33:00 0.018422499999999998 0.0184 0.01845 25 35
2017-12-20 14:34:00 0.018435 0.01843 0.01844 50 15
2017-12-20 14:35:00 0.01841 0.0184 0.01842 0 15
2017-12-20 14:36:00 0.018314999999999998 0.01831 0.01832 0 15
2017-12-20 14:37:00 0.018397499999999997 0.01832 0.01843 50 28
2017-12-20 14:38:00 0.01838 0.01838 0.01838 0 1
2017-12-20 14:39:00 0.0183 0.0183 0.0183 0 9
2017-12-20 14:40:00 0.018366666666666667 0.01831 0.0184 33 15
2017-12-20 14:42:00 0.01841 0.01838 0.01845 100 10
2017-12-20 14:45:00 0.01844 0.01844 0.01844 100 1
2017-12-20 14:52:00 0.018325 0.01829 0.01836 0 5
2017-12-20 14:53:00 0.01841 0.01841 0.01841 100 10
2017-12-20 14:54:00 0.018349999999999998 0.01829 0.01841 50 22
2017-12-20 14:56:00 0.01829 0.01829 0.01829 0 5
2017-12-20 14:57:00 0.01829 0.01829 0.01829 0 5
2017-12-20 14:58:00 0.018296 0.01829 0.0183 40 21
2017-12-20 14:59:00 0.018337499999999996 0.01833 0.01834 100 12
2017-12-20 15:08:00 0.0183 0.0183 0.0183 0 6
2017-12-20 15:09:00 0.018353333333333336 0.01835 0.01836 100 7
2017-12-20 15:10:00 0.01836 0.01836 0.01836 100 90
2017-12-20 15:15:00 0.01833 0.01833 0.01833 0 3
2017-12-20 15:16:00 0.018363333333333332 0.01836 0.01837 100 37
2017-12-20 15:17:00 0.01837 0.01837 0.01837 100 25
2017-12-20 15:19:00 0.01833 0.0183 0.01837 33 40
2017-12-20 15:24:00 0.018353333333333333 0.01834 0.01836 33 14
2017-12-20 15:25:00 0.01834 0.01834 0.01834 100 30
2017-12-20 15:26:00 0.01834 0.01834 0.01834 100 7
2017-12-20 15:28:00 0.01834 0.01834 0.01834 100 14
2017-12-20 15:29:00 0.01834 0.01834 0.01834 100 143
2017-12-20 15:30:00 0.01834 0.01834 0.01834 100 12
2017-12-20 15:31:00 0.01834 0.01834 0.01834 100 18
2017-12-20 15:32:00 0.01834 0.01834 0.01834 100 3
2017-12-20 15:33:00 0.01834 0.01834 0.01834 100 12
2017-12-20 15:34:00 0.01834 0.01834 0.01834 100 6
2017-12-20 15:35:00 0.01834 0.01834 0.01834 100 6
2017-12-20 15:36:00 0.01834 0.01834 0.01834 100 6
2017-12-20 15:37:00 0.01834 0.01834 0.01834 100 10
2017-12-20 15:38:00 0.018314999999999998 0.01829 0.01833 0 40
2017-12-20 15:39:00 0.01828 0.01826 0.01829 0 31
2017-12-20 15:47:00 0.0182575 0.01825 0.01826 0 26
2017-12-20 15:49:00 0.01826 0.01826 0.01826 0 2
2017-12-20 15:51:00 0.0182725 0.01825 0.0183 50 21
2017-12-20 15:52:00 0.01829 0.01829 0.01829 0 2
2017-12-20 15:53:00 0.018326666666666668 0.0183 0.01834 100 48
2017-12-20 15:55:00 0.01829 0.01829 0.01829 0 1
2017-12-20 15:57:00 0.01834 0.01834 0.01834 100 6
2017-12-20 16:00:00 0.018314999999999998 0.01831 0.01832 0 60
2017-12-20 16:06:00 0.018109375000000004 0.01801 0.01828 0 301
2017-12-20 16:07:00 0.01828 0.01828 0.01828 0 25
2017-12-20 16:08:00 0.018325 0.01831 0.01834 100 10
2017-12-20 16:09:00 0.018336666666666664 0.01833 0.01834 66 53
2017-12-20 16:12:00 0.01831 0.01831 0.01831 0 14
2017-12-20 16:13:00 0.01832 0.01832 0.01832 100 10
2017-12-20 16:18:00 0.01832 0.01832 0.01832 100 2
2017-12-20 16:20:00 0.01833333333333333 0.01832 0.01834 100 60
2017-12-20 16:21:00 0.01805 0.01805 0.01805 0 10
2017-12-20 16:22:00 0.01791916666666667 0.01771 0.01805 37 258
2017-12-20 16:23:00 0.018 0.018 0.018 100 14
2017-12-20 16:27:00 0.01806 0.01806 0.01806 100 18
2017-12-20 16:28:00 0.01784 0.01784 0.01784 0 1
2017-12-20 16:29:00 0.017895 0.01787 0.01796 50 46
2017-12-20 16:30:00 0.017881999999999995 0.01786 0.01789 80 111
2017-12-20 16:31:00 0.01789 0.01789 0.01789 100 24
2017-12-20 16:32:00 0.01789 0.01789 0.01789 100 20
2017-12-20 16:33:00 0.017871666666666668 0.01782 0.01789 66 77
2017-12-20 16:34:00 0.01786 0.01782 0.01789 40 115
2017-12-20 16:36:00 0.01787 0.01787 0.01787 100 1
2017-12-20 16:37:00 0.017849999999999998 0.01783 0.01787 0 17
