2017-12-18 16:46:00 0.019018 0.019018 0.019018 0 1
2017-12-18 17:13:00 0.01912533333333333 0.0191 0.019173 66 22
2017-12-18 17:15:00 0.019101 0.019101 0.019101 0 2
2017-12-18 17:16:00 0.019101 0.019101 0.019101 0 2
2017-12-18 17:20:00 0.019107 0.019107 0.019107 100 25
2017-12-18 17:23:00 0.0190995 0.019099 0.0191 100 30
2017-12-18 17:25:00 0.019064499999999998 0.019064 0.019065 100 55
2017-12-18 17:30:00 0.019088 0.019088 0.019088 100 20
2017-12-18 17:37:00 0.019088 0.019088 0.019088 100 5
2017-12-18 17:53:00 0.019088 0.019088 0.019088 100 6
2017-12-18 17:54:00 0.019082 0.019082 0.019082 0 1
2017-12-18 18:06:00 0.019087 0.019087 0.019087 0 5
2017-12-18 18:09:00 0.019087666666666666 0.019087 0.019088 66 7
2017-12-18 18:10:00 0.019087 0.019087 0.019087 0 1
2017-12-18 18:12:00 0.019088 0.019088 0.019088 100 3
2017-12-18 18:15:00 0.019088 0.019088 0.019088 100 20
2017-12-18 18:33:00 0.0192765 0.019273 0.01928 100 60
2017-12-18 18:35:00 0.01928 0.01928 0.01928 100 1
2017-12-18 18:44:00 0.01928 0.01928 0.01928 100 6
2017-12-18 18:45:00 0.019388 0.019388 0.019388 100 2
2017-12-18 18:47:00 0.0193915 0.019388 0.019395 100 68
2017-12-18 18:48:00 0.019610166666666668 0.01945 0.019712 100 78
2017-12-18 18:49:00 0.019633571428571427 0.019586 0.019681 42 163
2017-12-18 18:51:00 0.019696666666666668 0.019694 0.0197 100 10
2017-12-18 18:52:00 0.019639 0.019639 0.019639 0 2
2017-12-18 19:02:00 0.0197 0.0197 0.0197 100 10
2017-12-18 19:03:00 0.019662 0.01966 0.019664 0 11
2017-12-18 19:04:00 0.019658 0.019658 0.019658 0 1
2017-12-18 19:05:00 0.019669 0.019669 0.019669 0 1
2017-12-18 19:08:00 0.0197 0.0197 0.0197 100 20
2017-12-18 19:09:00 0.0197 0.0197 0.0197 100 4
2017-12-18 19:10:00 0.019672666666666668 0.019665 0.019687 0 65
2017-12-18 19:11:00 0.019699 0.019699 0.019699 100 2
2017-12-18 19:15:00 0.019668 0.019668 0.019668 100 5
2017-12-18 19:17:00 0.019571 0.019571 0.019571 0 1
2017-12-18 19:20:00 0.01938275 0.019353 0.019419 0 102
2017-12-18 19:22:00 0.019438 0.019438 0.019438 100 1
2017-12-18 19:26:00 0.019542 0.019542 0.019542 0 2
2017-12-18 19:31:00 0.019639 0.019639 0.019639 0 8
2017-12-18 19:37:00 0.019626 0.019623 0.019629 100 50
2017-12-18 19:39:00 0.0196 0.0196 0.0196 0 2
2017-12-18 20:00:00 0.019525 0.019525 0.019525 0 20
2017-12-18 20:17:00 0.019477500000000002 0.019477 0.019478 100 34
2017-12-18 20:20:00 0.01935 0.01935 0.01935 0 4
2017-12-18 20:35:00 0.019481 0.019481 0.019481 100 1
2017-12-18 20:37:00 0.0195 0.0195 0.0195 0 2
2017-12-18 20:41:00 0.019417 0.019417 0.019417 100 5
2017-12-18 20:45:00 0.01928566666666667 0.019272 0.0193 0 50
2017-12-18 20:49:00 0.019298 0.019298 0.019298 100 10
2017-12-18 20:54:00 0.019275 0.019275 0.019275 0 5
2017-12-18 20:57:00 0.019275 0.019275 0.019275 0 5
2017-12-18 20:58:00 0.0192715 0.019271 0.019272 0 30
2017-12-18 21:00:00 0.019244 0.019243 0.019245 100 8
2017-12-18 21:02:00 0.019272 0.019272 0.019272 100 25
2017-12-18 21:03:00 0.019301 0.019301 0.019301 100 5
2017-12-18 21:04:00 0.019307 0.019307 0.019307 100 4
2017-12-18 21:06:00 0.019344 0.019344 0.019344 100 22
2017-12-18 21:07:00 0.019335 0.019335 0.019335 100 24
2017-12-18 21:12:00 0.019327 0.019327 0.019327 0 10
2017-12-18 21:14:00 0.019392 0.019392 0.019392 100 20
2017-12-18 21:19:00 0.019293 0.019293 0.019293 0 8
2017-12-18 21:28:00 0.0194615 0.019384 0.019537 100 101
2017-12-18 21:51:00 0.019563 0.019563 0.019563 0 1
2017-12-18 21:52:00 0.019588 0.019588 0.019588 100 1
2017-12-18 21:53:00 0.019588 0.019588 0.019588 100 3
2017-12-18 21:56:00 0.019594 0.019588 0.0196 100 8
2017-12-18 22:00:00 0.019563 0.019563 0.019563 0 2
2017-12-18 22:06:00 0.019563 0.019563 0.019563 0 2
2017-12-18 22:07:00 0.019533333333333333 0.019533 0.019534 0 3
2017-12-18 22:08:00 0.01955 0.01955 0.01955 0 1
2017-12-18 22:09:00 0.019569000000000003 0.019567 0.01957 0 3
2017-12-18 22:10:00 0.019589 0.019589 0.019589 0 1
2017-12-18 22:11:00 0.019558 0.019558 0.019558 0 1
2017-12-18 22:13:00 0.019565 0.019565 0.019565 0 1
2017-12-18 22:14:00 0.019558 0.019558 0.019558 0 2
2017-12-18 22:16:00 0.019563999999999998 0.019554 0.019574 0 2
2017-12-18 22:22:00 0.019571 0.019571 0.019571 0 1
2017-12-18 22:29:00 0.019585 0.019585 0.019585 0 1
2017-12-18 22:30:00 0.0196 0.0196 0.0196 100 40
2017-12-18 22:37:00 0.0196 0.0196 0.0196 100 1
2017-12-18 22:38:00 0.0196 0.0196 0.0196 100 2
2017-12-18 22:39:00 0.0196 0.0196 0.0196 100 3
2017-12-18 22:40:00 0.0196 0.0196 0.0196 100 13
2017-12-18 22:41:00 0.0196 0.0196 0.0196 100 6
2017-12-18 22:42:00 0.0196 0.0196 0.0196 100 6
2017-12-18 22:45:00 0.019598 0.019598 0.019598 0 1
2017-12-18 22:50:00 0.019629333333333332 0.0196 0.019688 100 12
2017-12-18 22:55:00 0.019688 0.019688 0.019688 100 2
2017-12-18 22:56:00 0.019686 0.019686 0.019686 0 2
2017-12-18 22:58:00 0.01963 0.01963 0.01963 0 1
2017-12-18 22:59:00 0.019619099999999997 0.019562 0.019683 0 102
2017-12-18 23:01:00 0.0194475 0.019418 0.019477 0 50
2017-12-18 23:02:00 0.0194335 0.019404 0.019463 0 43
2017-12-18 23:06:00 0.01944433333333333 0.019322 0.0195 16 56
2017-12-18 23:07:00 0.019294 0.019253 0.019321 0 50
2017-12-18 23:12:00 0.01932 0.01932 0.01932 100 1
2017-12-18 23:14:00 0.01937 0.01937 0.01937 100 1
2017-12-18 23:18:00 0.019287 0.019287 0.019287 100 10
2017-12-18 23:19:00 0.019311 0.019311 0.019311 100 1
2017-12-18 23:36:00 0.019463 0.019463 0.019463 0 1
2017-12-18 23:37:00 0.01949 0.01949 0.01949 0 1
2017-12-18 23:38:00 0.019513 0.019506 0.019527 100 16
2017-12-18 23:48:00 0.019685333333333332 0.01968 0.019688 66 32
2017-12-18 23:49:00 0.019713666666666668 0.019689 0.019745 66 36
2017-12-18 23:59:00 0.019619 0.019619 0.019619 0 15
2017-12-19 00:01:00 0.01967 0.01967 0.01967 0 3
2017-12-19 00:04:00 0.019621 0.019563 0.01967 0 35
2017-12-19 00:08:00 0.0196 0.0196 0.0196 100 4
2017-12-19 00:12:00 0.019632 0.019632 0.019632 0 1
2017-12-19 00:14:00 0.019567 0.019567 0.019567 100 4
2017-12-19 00:16:00 0.019458666666666666 0.019423 0.01948 0 50
2017-12-19 00:17:00 0.019415 0.019415 0.019415 0 1
2017-12-19 00:19:00 0.019512 0.019512 0.019512 100 2
2017-12-19 00:22:00 0.0194765 0.019475 0.019478 100 50
2017-12-19 00:25:00 0.01945 0.01945 0.01945 100 4
2017-12-19 00:28:00 0.019421 0.019421 0.019421 0 2
2017-12-19 00:38:00 0.019717 0.019717 0.019717 100 1
2017-12-19 00:41:00 0.019683 0.019683 0.019683 100 10
2017-12-19 00:44:00 0.01963 0.01963 0.01963 0 1
2017-12-19 00:46:00 0.019631 0.019631 0.019631 0 1
2017-12-19 00:47:00 0.019631 0.019631 0.019631 0 1
2017-12-19 00:48:00 0.0196005 0.01957 0.019631 50 5
2017-12-19 01:11:00 0.019684 0.019684 0.019684 0 1
2017-12-19 01:16:00 0.01975 0.01975 0.01975 100 10
2017-12-19 01:22:00 0.01977 0.01977 0.01977 100 1
2017-12-19 01:23:00 0.019788 0.019788 0.019788 100 5
2017-12-19 01:24:00 0.019888 0.019888 0.019888 100 5
2017-12-19 01:26:00 0.019888 0.019888 0.019888 100 5
2017-12-19 01:27:00 0.0198975 0.019895 0.0199 100 11
2017-12-19 01:28:00 0.019902 0.019902 0.019902 50 2
2017-12-19 01:29:00 0.019943 0.019908 0.019961 75 37
2017-12-19 01:32:00 0.02 0.02 0.02 100 1
2017-12-19 01:35:00 0.019916 0.019886 0.01996 0 57
2017-12-19 01:37:00 0.01996 0.01996 0.01996 100 4
2017-12-19 01:39:00 0.019952 0.019952 0.019952 0 1
2017-12-19 01:41:00 0.019978600000000003 0.019942 0.02 60 27
2017-12-19 01:48:00 0.01998 0.01998 0.01998 0 2
2017-12-19 01:49:00 0.01999 0.01999 0.01999 0 16
2017-12-19 01:50:00 0.01999 0.01999 0.01999 0 2
2017-12-19 01:51:00 0.01999 0.01999 0.01999 0 4
2017-12-19 01:54:00 0.01999 0.01999 0.01999 0 1
2017-12-19 01:56:00 0.01999 0.01999 0.01999 0 1
2017-12-19 01:57:00 0.02 0.02 0.02 100 1
2017-12-19 01:58:00 0.019985000000000003 0.01998 0.01999 0 2
2017-12-19 02:09:00 0.01998 0.01998 0.01998 0 10
2017-12-19 02:13:00 0.01998 0.01998 0.01998 0 2
2017-12-19 02:15:00 0.01998 0.01998 0.01998 0 1
2017-12-19 02:16:00 0.02 0.02 0.02 100 16
2017-12-19 02:18:00 0.01998 0.01998 0.01998 0 1
2017-12-19 02:34:00 0.01998 0.01998 0.01998 0 1
2017-12-19 02:36:00 0.02 0.02 0.02 100 2
2017-12-19 02:38:00 0.019996 0.019996 0.019996 100 15
2017-12-19 02:41:00 0.01998 0.01998 0.01998 0 1
2017-12-19 02:44:00 0.019998666666666665 0.019998 0.019999 100 31
2017-12-19 02:51:00 0.02 0.02 0.02 100 25
2017-12-19 03:00:00 0.019896 0.019896 0.019896 0 11
2017-12-19 03:04:00 0.01986 0.01986 0.01986 0 1
2017-12-19 03:27:00 0.01999 0.01999 0.01999 100 3
2017-12-19 03:30:00 0.019964 0.019964 0.019964 0 1
2017-12-19 03:48:00 0.0199 0.0199 0.0199 0 1
2017-12-19 04:04:00 0.019831 0.019822 0.01984 50 5
2017-12-19 04:15:00 0.019793 0.019793 0.019793 100 5
2017-12-19 04:22:00 0.0198495 0.019802 0.019897 50 30
2017-12-19 04:39:00 0.01976 0.01976 0.01976 100 2
2017-12-19 04:40:00 0.019736749999999997 0.019724 0.019744 0 9
2017-12-19 04:47:00 0.019733 0.019733 0.019733 0 5
2017-12-19 05:05:00 0.019729 0.019729 0.019729 100 20
2017-12-19 05:21:00 0.0198115 0.01976 0.019863 100 4
2017-12-19 05:37:00 0.019786 0.019786 0.019786 0 2
2017-12-19 05:56:00 0.020002 0.020002 0.020002 100 25
2017-12-19 05:59:00 0.019989 0.019989 0.019989 0 2
2017-12-19 06:00:00 0.02003 0.02003 0.02003 100 3
2017-12-19 06:03:00 0.020230476190476195 0.020072 0.020323 95 292
2017-12-19 06:05:00 0.020253 0.020253 0.020253 0 1
2017-12-19 06:08:00 0.020253 0.020253 0.020253 0 26
2017-12-19 06:09:00 0.020125454545454547 0.020016 0.020246 27 245
2017-12-19 06:10:00 0.019959 0.019959 0.019959 0 46
2017-12-19 06:12:00 0.020025666666666667 0.020012 0.02004 0 59
2017-12-19 06:14:00 0.02 0.02 0.02 100 10
2017-12-19 06:35:00 0.019999 0.019999 0.019999 100 30
2017-12-19 06:36:00 0.019999 0.019999 0.019999 0 5
2017-12-19 06:39:00 0.020106250000000003 0.02 0.020202 100 100
2017-12-19 06:55:00 0.02015 0.02015 0.02015 100 3
2017-12-19 07:06:00 0.02015 0.02015 0.02015 100 2
2017-12-19 07:15:00 0.0201495 0.020149 0.02015 50 9
2017-12-19 07:16:00 0.02015 0.02015 0.02015 100 5
2017-12-19 07:29:00 0.02015 0.02015 0.02015 100 25
2017-12-19 07:30:00 0.020149 0.020149 0.020149 0 4
2017-12-19 07:32:00 0.02015 0.02015 0.02015 100 1
2017-12-19 07:45:00 0.02015 0.02015 0.02015 100 3
2017-12-19 07:54:00 0.02015 0.02015 0.02015 100 60
2017-12-19 07:56:00 0.020273285714285716 0.02015 0.02038 100 81
2017-12-19 07:57:00 0.020451 0.020451 0.020451 100 5
2017-12-19 07:59:00 0.02042 0.02042 0.02042 0 4
2017-12-19 08:08:00 0.020452 0.020452 0.020452 100 20
2017-12-19 08:12:00 0.020724777777777776 0.020526 0.020856 100 250
2017-12-19 08:13:00 0.020757499999999998 0.020757 0.020758 100 15
2017-12-19 08:14:00 0.020768 0.020768 0.020768 100 20
2017-12-19 08:27:00 0.0208 0.0208 0.0208 0 15
2017-12-19 08:28:00 0.020826 0.020826 0.020826 100 2
2017-12-19 08:31:00 0.020703 0.020703 0.020703 0 25
2017-12-19 08:41:00 0.02063 0.02063 0.02063 0 10
2017-12-19 08:43:00 0.020768 0.020768 0.020768 100 10
2017-12-19 08:49:00 0.020794 0.020794 0.020794 100 5
2017-12-19 08:50:00 0.020744 0.020744 0.020744 0 2
2017-12-19 08:59:00 0.020743 0.020743 0.020743 100 8
2017-12-19 09:00:00 0.02090375 0.0209 0.020905 100 20
2017-12-19 09:01:00 0.020905 0.020905 0.020905 100 23
2017-12-19 09:02:00 0.020875499999999998 0.020814 0.020937 50 14
2017-12-19 09:03:00 0.020953 0.020953 0.020953 100 2
2017-12-19 09:08:00 0.0209975 0.02098 0.021015 100 23
2017-12-19 09:13:00 0.02108 0.02108 0.02108 100 5
2017-12-19 09:14:00 0.02108 0.02108 0.02108 100 1
2017-12-19 09:15:00 0.02108 0.02108 0.02108 100 2
2017-12-19 09:21:00 0.021045 0.021022 0.021068 100 27
2017-12-19 09:23:00 0.021072 0.021072 0.021072 0 3
2017-12-19 09:27:00 0.021075 0.021075 0.021075 100 20
2017-12-19 09:31:00 0.02108 0.02108 0.02108 100 2
2017-12-19 09:32:00 0.02108 0.02108 0.02108 100 1
2017-12-19 09:33:00 0.021121 0.02108 0.02118 100 41
2017-12-19 09:34:00 0.021246 0.021226 0.021266 100 25
2017-12-19 09:37:00 0.021239 0.021239 0.021239 0 2
2017-12-19 09:38:00 0.021323 0.021323 0.021323 100 12
2017-12-19 09:44:00 0.02096033333333333 0.020939 0.021002 0 50
2017-12-19 09:46:00 0.020909 0.020909 0.020909 0 2
2017-12-19 09:52:00 0.0209508 0.020936 0.020969 60 52
2017-12-19 09:53:00 0.020936 0.020936 0.020936 0 60
2017-12-19 09:54:00 0.020936 0.020936 0.020936 0 36
2017-12-19 10:02:00 0.020936 0.020936 0.020936 0 2
2017-12-19 10:09:00 0.020937 0.020937 0.020937 0 1
2017-12-19 10:11:00 0.0209355 0.020935 0.020936 0 5
2017-12-19 10:12:00 0.020922999999999997 0.020911 0.020935 0 5
2017-12-19 10:14:00 0.020911 0.020911 0.020911 0 4
2017-12-19 10:16:00 0.020911 0.020911 0.020911 0 55
2017-12-19 10:17:00 0.020911 0.020911 0.020911 0 37
2017-12-19 10:18:00 0.020387555555555558 0.02016 0.020504 0 164
2017-12-19 10:19:00 0.020123 0.020123 0.020123 0 20
2017-12-19 10:20:00 0.020215666666666663 0.020196 0.02023 100 51
2017-12-19 10:21:00 0.020155 0.020155 0.020155 0 1
2017-12-19 10:22:00 0.020064 0.020064 0.020064 0 2
2017-12-19 10:25:00 0.020236 0.020184 0.020279 100 52
2017-12-19 10:26:00 0.020308 0.020308 0.020308 100 2
2017-12-19 10:27:00 0.020265 0.020265 0.020265 0 15
2017-12-19 10:29:00 0.0204315 0.020428 0.020435 100 3
2017-12-19 10:30:00 0.020582 0.020582 0.020582 100 20
2017-12-19 10:35:00 0.020804142857142858 0.020681 0.020928 100 150
2017-12-19 10:36:00 0.020726 0.020711 0.020741 0 50
2017-12-19 10:39:00 0.02057 0.02057 0.02057 0 1
2017-12-19 10:41:00 0.020502 0.020501 0.020503 0 2
2017-12-19 10:45:00 0.020334 0.020334 0.020334 0 10
2017-12-19 10:46:00 0.019715 0.01944 0.0203 0 37
2017-12-19 10:48:00 0.020032 0.020032 0.020032 0 20
2017-12-19 10:57:00 0.020155 0.020155 0.020155 100 1
2017-12-19 11:00:00 0.020022 0.020022 0.020022 0 5
2017-12-19 11:03:00 0.020054 0.020054 0.020054 0 1
2017-12-19 11:11:00 0.0203415 0.020249 0.020434 75 44
2017-12-19 11:21:00 0.020292 0.020292 0.020292 0 2
2017-12-19 11:34:00 0.020539 0.020539 0.020539 100 10
2017-12-19 11:41:00 0.0207055 0.020657 0.020754 50 26
2017-12-19 12:01:00 0.020713 0.020713 0.020713 0 1
2017-12-19 12:51:00 0.020643 0.020643 0.020643 0 3
2017-12-19 12:54:00 0.020793000000000002 0.020793 0.020793 100 10
2017-12-19 12:56:00 0.020791 0.020791 0.020791 100 3
2017-12-19 13:18:00 0.02086666666666667 0.020834 0.020884 66 22
2017-12-19 13:19:00 0.02087633333333333 0.020876 0.020877 100 56
2017-12-19 13:21:00 0.020875 0.020875 0.020875 100 1
2017-12-19 13:32:00 0.0209 0.0209 0.0209 100 30
2017-12-19 13:33:00 0.0209315 0.020931 0.020932 100 50
2017-12-19 13:34:00 0.021152285714285717 0.020933 0.02124 100 302
2017-12-19 13:35:00 0.021264875000000003 0.021061 0.021431 93 163
2017-12-19 13:36:00 0.021108000000000002 0.021107 0.021109 0 30
2017-12-19 13:37:00 0.021244090909090907 0.021216 0.021327 100 155
2017-12-19 13:40:00 0.021299 0.021299 0.021299 100 1
2017-12-19 13:44:00 0.021122 0.021107 0.02113 66 6
2017-12-19 13:45:00 0.021112 0.021112 0.021112 100 3
2017-12-19 13:48:00 0.0211085 0.021108 0.021109 100 71
2017-12-19 13:50:00 0.02118 0.02118 0.02118 100 74
2017-12-19 13:52:00 0.021180666666666667 0.021179 0.021184 0 85
2017-12-19 13:55:00 0.021051333333333335 0.021051 0.021052 0 9
2017-12-19 13:59:00 0.021019 0.021019 0.021019 0 1
2017-12-19 14:05:00 0.0210165 0.021016 0.021017 0 25
2017-12-19 14:07:00 0.021017 0.021017 0.021017 0 22
2017-12-19 14:10:00 0.021017 0.021017 0.021017 0 25
2017-12-19 14:11:00 0.021061999999999997 0.021061 0.021063 100 98
2017-12-19 14:16:00 0.021059 0.021059 0.021059 100 1
2017-12-19 14:23:00 0.0210335 0.021027 0.02104 50 51
2017-12-19 14:24:00 0.021038 0.021038 0.021038 0 46
2017-12-19 14:28:00 0.0211135 0.021113 0.021114 100 5
2017-12-19 14:34:00 0.021185 0.021185 0.021185 100 40
2017-12-19 14:35:00 0.021178 0.021178 0.021178 0 4
2017-12-19 14:45:00 0.021155 0.021155 0.021155 100 10
2017-12-19 14:46:00 0.0211335 0.021133 0.021134 100 75
2017-12-19 14:53:00 0.021068499999999997 0.021018 0.021119 0 25
2017-12-19 14:55:00 0.021022 0.021022 0.021022 100 49
2017-12-19 14:59:00 0.02102 0.02102 0.02102 100 1
2017-12-19 15:02:00 0.021018250000000002 0.021017 0.021019 0 57
2017-12-19 15:07:00 0.021017 0.021017 0.021017 0 30
2017-12-19 15:08:00 0.021017 0.021017 0.021017 0 30
2017-12-19 15:09:00 0.021017666666666667 0.021017 0.021018 66 35
2017-12-19 15:10:00 0.021017 0.021017 0.021017 0 40
2017-12-19 15:11:00 0.021017 0.021017 0.021017 0 1
2017-12-19 15:12:00 0.021017 0.021017 0.021017 0 2
2017-12-19 15:13:00 0.021017 0.021017 0.021017 0 2
2017-12-19 15:15:00 0.021017 0.021017 0.021017 0 2
2017-12-19 15:17:00 0.0208794 0.020633 0.021017 0 389
2017-12-19 15:23:00 0.020723 0.020723 0.020723 100 46
2017-12-19 15:33:00 0.020719500000000002 0.020705 0.020734 50 22
2017-12-19 15:38:00 0.020704 0.020704 0.020704 100 21
2017-12-19 15:39:00 0.020657000000000002 0.020636 0.020668 66 41
2017-12-19 15:44:00 0.020678 0.020678 0.020678 100 28
2017-12-19 15:46:00 0.020674 0.020674 0.020674 100 5
2017-12-19 15:49:00 0.020663 0.020663 0.020663 100 1
2017-12-19 15:57:00 0.020602 0.020602 0.020602 100 1
2017-12-19 15:58:00 0.020596999999999997 0.020592 0.020602 50 17
2017-12-19 16:03:00 0.020652 0.020652 0.020652 100 1
2017-12-19 16:06:00 0.020639 0.020639 0.020639 100 2
2017-12-19 16:08:00 0.020637 0.020637 0.020637 100 20
2017-12-19 16:10:00 0.020635 0.020635 0.020635 100 27
2017-12-19 16:11:00 0.020633 0.020633 0.020633 100 48
2017-12-19 16:12:00 0.020633333333333333 0.020633 0.020634 33 52
2017-12-19 16:17:00 0.020651 0.020651 0.020651 0 24
2017-12-19 16:19:00 0.02076 0.020713 0.020802 100 27
2017-12-19 16:20:00 0.020697 0.020697 0.020697 0 2
2017-12-19 16:26:00 0.020802 0.020802 0.020802 100 61
2017-12-19 16:28:00 0.020875 0.020875 0.020875 0 10
2017-12-19 16:30:00 0.020967 0.020967 0.020967 100 3
2017-12-19 16:33:00 0.020599 0.020599 0.020599 0 12
2017-12-19 16:35:00 0.020591 0.020591 0.020591 0 40
2017-12-19 16:40:00 0.020579666666666666 0.020532 0.02063 33 34
2017-12-19 16:43:00 0.0206775 0.020637 0.020718 50 4
2017-12-19 16:46:00 0.020592 0.020592 0.020592 0 3
2017-12-19 16:47:00 0.020591666666666664 0.020591 0.020592 33 40
2017-12-19 16:48:00 0.020592 0.020592 0.020592 100 1
2017-12-19 16:49:00 0.020678 0.020678 0.020678 100 3
2017-12-19 16:51:00 0.020717 0.020717 0.020717 100 3
2017-12-19 17:01:00 0.020754500000000002 0.020729 0.02078 100 51
2017-12-19 17:02:00 0.020822 0.020822 0.020822 100 2
2017-12-19 17:03:00 0.020796 0.020796 0.020796 100 44
2017-12-19 17:05:00 0.020797 0.020797 0.020797 0 6
2017-12-19 17:09:00 0.020748 0.020748 0.020748 100 10
2017-12-19 17:14:00 0.020518 0.020447 0.020586 25 79
2017-12-19 17:22:00 0.020498 0.020498 0.020498 0 2
2017-12-19 17:33:00 0.020507 0.020507 0.020507 0 3
2017-12-19 18:04:00 0.020757 0.020726 0.020788 100 50
2017-12-19 18:05:00 0.0207595 0.020736 0.020783 100 50
2017-12-19 18:10:00 0.02088525 0.020787 0.02101 75 126
2017-12-19 18:19:00 0.020939 0.020939 0.020939 0 25
2017-12-19 18:22:00 0.020896333333333333 0.020854 0.020918 0 80
2017-12-19 18:29:00 0.020855 0.020855 0.020855 100 20
2017-12-19 18:31:00 0.020886 0.020886 0.020886 100 10
2017-12-19 18:35:00 0.020854 0.020854 0.020854 0 1
2017-12-19 18:41:00 0.020856 0.020856 0.020856 100 20
2017-12-19 18:43:00 0.020867 0.020856 0.020878 50 5
2017-12-19 18:51:00 0.020908 0.020908 0.020908 100 1
2017-12-19 18:54:00 0.020891 0.020891 0.020891 100 4
2017-12-19 19:01:00 0.020922 0.020907 0.02094 100 100
2017-12-19 19:03:00 0.02094 0.02094 0.02094 0 75
2017-12-19 19:08:00 0.020922 0.020922 0.020922 0 4
2017-12-19 19:28:00 0.0210305 0.020991 0.02107 50 4
2017-12-19 19:34:00 0.020986 0.020986 0.020986 0 1
2017-12-19 19:37:00 0.020986 0.020986 0.020986 0 1
2017-12-19 19:44:00 0.02107 0.02107 0.02107 100 1
2017-12-19 19:46:00 0.02107 0.02107 0.02107 100 7
2017-12-19 19:49:00 0.021138 0.021138 0.021138 100 25
2017-12-19 19:51:00 0.02114 0.02114 0.02114 100 3
2017-12-19 19:53:00 0.021206666666666665 0.0212 0.02121 0 33
2017-12-19 19:55:00 0.02091 0.02091 0.02091 0 3
2017-12-19 19:58:00 0.020981 0.020981 0.020981 0 20
2017-12-19 19:59:00 0.020894 0.020894 0.020894 0 22
2017-12-20 00:28:00 0.020296 0.020296 0.020296 100 2
2017-12-20 00:30:00 0.020392 0.020392 0.020392 100 2
2017-12-20 00:31:00 0.0202795 0.020263 0.020296 0 5
2017-12-20 00:43:00 0.020272 0.020272 0.020272 0 10
2017-12-20 00:53:00 0.020797 0.020793 0.020801 100 5
2017-12-20 00:55:00 0.0208805 0.020878 0.020883 100 3
2017-12-20 00:56:00 0.020898 0.020898 0.020898 0 25
2017-12-20 00:58:00 0.0208155 0.020763 0.020889 25 60
2017-12-20 01:00:00 0.0209285 0.020918 0.020939 50 7
2017-12-20 01:01:00 0.021049 0.021026 0.021072 100 5
2017-12-20 01:02:00 0.021045 0.021045 0.021045 100 1
2017-12-20 01:04:00 0.021231 0.021217 0.021242 100 10
2017-12-20 01:06:00 0.021311 0.021311 0.021311 100 1
2017-12-20 01:09:00 0.02135 0.02135 0.02135 100 4
2017-12-20 01:13:00 0.02169 0.02169 0.02169 100 2
2017-12-20 01:14:00 0.021677333333333337 0.021505 0.021893 66 64
2017-12-20 01:17:00 0.021941000000000002 0.021929 0.022 100 77
2017-12-20 01:19:00 0.021936 0.021936 0.021936 100 1
2017-12-20 01:20:00 0.021968 0.021936 0.022 100 20
2017-12-20 01:23:00 0.021999 0.021999 0.021999 100 30
2017-12-20 01:24:00 0.0215605 0.021502 0.021619 0 4
2017-12-20 01:26:00 0.021619 0.021619 0.021619 0 1
2017-12-20 01:30:00 0.021619 0.021619 0.021619 0 1
2017-12-20 01:32:00 0.02162 0.02162 0.02162 0 8
2017-12-20 01:39:00 0.021633 0.021633 0.021633 0 1
2017-12-20 01:42:00 0.021654 0.021654 0.021654 0 1
2017-12-20 01:43:00 0.021998 0.021998 0.021998 100 2
2017-12-20 01:44:00 0.021999 0.021998 0.022 100 7
2017-12-20 01:50:00 0.021985 0.021985 0.021985 100 1
2017-12-20 01:52:00 0.021986 0.021986 0.021986 0 1
2017-12-20 01:56:00 0.021988 0.021988 0.021988 0 1
2017-12-20 01:58:00 0.022 0.022 0.022 100 17
2017-12-20 01:59:00 0.02204666666666667 0.022 0.02207 100 7
2017-12-20 02:00:00 0.02207 0.02207 0.02207 100 3
2017-12-20 02:02:00 0.022322333333333333 0.022301 0.022333 66 17
2017-12-20 02:03:00 0.02235 0.02235 0.02235 0 1
2017-12-20 02:05:00 0.022496666666666665 0.02249 0.0225 100 35
2017-12-20 02:07:00 0.02225122222222222 0.022108 0.0225 33 60
2017-12-20 02:08:00 0.0226862 0.0225 0.02275 100 21
2017-12-20 02:10:00 0.02264 0.022606 0.022674 0 30
2017-12-20 02:12:00 0.0224798 0.022413 0.022555 0 6
2017-12-20 02:13:00 0.0221605 0.022101 0.02222 0 5
2017-12-20 02:14:00 0.022301666666666664 0.022293 0.022306 0 8
2017-12-20 02:15:00 0.022485 0.022485 0.022485 100 7
2017-12-20 02:16:00 0.022070166666666665 0.021917 0.022275 0 20
2017-12-20 02:17:00 0.021671499999999996 0.021593 0.021713 16 90
2017-12-20 02:18:00 0.0217755 0.021664 0.021921 83 62
2017-12-20 02:19:00 0.021975333333333333 0.0219 0.022013 100 119
2017-12-20 02:20:00 0.022220999999999998 0.022188 0.022254 100 50
2017-12-20 02:21:00 0.0222785 0.022256 0.022301 100 2
2017-12-20 02:22:00 0.0220745 0.022055 0.022094 0 26
2017-12-20 02:25:00 0.022538714285714283 0.02213 0.022731 100 86
2017-12-20 02:26:00 0.02268 0.022624 0.022736 50 5
2017-12-20 02:28:00 0.0224865 0.022486 0.022487 0 40
2017-12-20 02:30:00 0.022651 0.022651 0.022651 100 8
2017-12-20 02:31:00 0.022646 0.022646 0.022646 0 30
2017-12-20 02:36:00 0.022296 0.022296 0.022296 0 1
2017-12-20 02:38:00 0.022296499999999997 0.022247 0.022349 50 58
2017-12-20 02:39:00 0.022234 0.022234 0.022234 0 5
2017-12-20 02:40:00 0.022079 0.022079 0.022079 0 1
2017-12-20 02:41:00 0.022047 0.022041 0.022053 50 44
2017-12-20 02:42:00 0.022164666666666666 0.021963 0.022268 33 34
2017-12-20 02:44:00 0.022109 0.022109 0.022109 100 24
2017-12-20 02:45:00 0.0222245 0.022208 0.022241 0 49
2017-12-20 02:50:00 0.022146 0.022146 0.022146 0 5
2017-12-20 02:51:00 0.02212 0.02212 0.02212 0 5
2017-12-20 02:53:00 0.02195566666666667 0.021931 0.022001 0 60
2017-12-20 02:54:00 0.021948 0.021948 0.021948 0 5
2017-12-20 02:55:00 0.022033999999999998 0.022022 0.022046 50 20
2017-12-20 03:01:00 0.021949 0.021931 0.021967 0 50
2017-12-20 03:03:00 0.022179 0.022179 0.022179 100 1
2017-12-20 03:04:00 0.022237 0.022237 0.022237 100 1
2017-12-20 03:05:00 0.022365 0.0223 0.022494 66 27
2017-12-20 03:06:00 0.022688 0.022688 0.022688 100 3
2017-12-20 03:07:00 0.022314399999999998 0.022123 0.0224 0 46
2017-12-20 03:08:00 0.0223765 0.022376 0.022377 0 25
2017-12-20 03:11:00 0.022319 0.022319 0.022319 0 1
2017-12-20 03:13:00 0.022422 0.022422 0.022422 100 1
2017-12-20 03:14:00 0.02260691666666667 0.022422 0.02275 100 200
2017-12-20 03:15:00 0.022565499999999995 0.022501 0.022749 25 51
2017-12-20 03:16:00 0.02245783333333333 0.022343 0.022567 33 150
2017-12-20 03:17:00 0.022528 0.022528 0.022528 0 25
2017-12-20 03:19:00 0.022565 0.022565 0.022565 0 1
2017-12-20 03:21:00 0.02258275 0.022556 0.022607 0 73
2017-12-20 03:23:00 0.022636 0.022636 0.022636 100 30
2017-12-20 03:28:00 0.02275 0.02275 0.02275 100 21
2017-12-20 03:30:00 0.022857 0.022857 0.022857 100 1
2017-12-20 03:31:00 0.022857 0.022857 0.022857 100 1
2017-12-20 03:32:00 0.023130555555555554 0.023 0.02325 100 200
2017-12-20 03:33:00 0.023255500000000002 0.023086 0.023392 78 250
2017-12-20 03:39:00 0.023173 0.023173 0.023173 0 1
2017-12-20 03:40:00 0.023308 0.023308 0.023308 100 1
2017-12-20 03:49:00 0.0235905 0.02355 0.023621 100 100
2017-12-20 03:52:00 0.023421499999999998 0.023421 0.023422 0 3
2017-12-20 03:53:00 0.023399 0.023399 0.023399 0 4
2017-12-20 03:56:00 0.023415 0.023415 0.023415 0 1
2017-12-20 03:58:00 0.023653 0.023653 0.023653 100 1
2017-12-20 04:04:00 0.0237475 0.02373 0.023765 100 25
2017-12-20 04:09:00 0.024165 0.024 0.024316 100 41
2017-12-20 04:11:00 0.024152 0.024152 0.024152 0 1
2017-12-20 04:12:00 0.0241325 0.024014 0.024206 25 15
2017-12-20 04:14:00 0.0238015 0.023799 0.023804 0 2
2017-12-20 04:16:00 0.0237815 0.023778 0.023785 100 69
2017-12-20 04:17:00 0.02379 0.02379 0.02379 100 10
2017-12-20 04:23:00 0.023579 0.023579 0.023579 100 4
2017-12-20 04:24:00 0.023579 0.023579 0.023579 100 6
2017-12-20 04:26:00 0.023784 0.023784 0.023784 0 25
2017-12-20 04:34:00 0.023924 0.023852 0.023996 50 2
2017-12-20 04:35:00 0.0238505 0.02385 0.023851 0 40
2017-12-20 04:36:00 0.02385 0.02385 0.02385 0 20
2017-12-20 04:37:00 0.023240833333333332 0.023124 0.023363 0 71
2017-12-20 04:41:00 0.02311825 0.023047 0.023161 50 58
2017-12-20 04:43:00 0.023133 0.023133 0.023133 0 10
2017-12-20 04:45:00 0.023562 0.023562 0.023562 0 1
2017-12-20 04:49:00 0.023631333333333334 0.023631 0.023632 33 44
2017-12-20 04:50:00 0.023629 0.023629 0.023629 0 100
2017-12-20 04:51:00 0.023456 0.023456 0.023456 100 30
2017-12-20 04:52:00 0.023492 0.023492 0.023492 100 10
2017-12-20 04:53:00 0.023581333333333333 0.02357 0.023603 33 46
2017-12-20 04:54:00 0.023663666666666666 0.023663 0.023665 66 47
2017-12-20 04:58:00 0.023569 0.023569 0.023569 0 5
2017-12-20 04:59:00 0.023428 0.023383 0.02348 0 5
2017-12-20 05:01:00 0.02349 0.023489 0.023491 100 4
2017-12-20 05:02:00 0.023463499999999998 0.02346 0.023467 100 15
2017-12-20 05:03:00 0.023468 0.023468 0.023468 100 5
2017-12-20 05:05:00 0.023313 0.023313 0.023313 0 3
2017-12-20 05:07:00 0.023208 0.023208 0.023208 0 1
2017-12-20 05:10:00 0.023277 0.023246 0.023308 100 24
2017-12-20 05:17:00 0.023316333333333338 0.023302 0.023335 100 4
2017-12-20 05:18:00 0.023364 0.023364 0.023364 100 1
2017-12-20 05:19:00 0.02335 0.02335 0.02335 0 13
2017-12-20 05:20:00 0.02342 0.02342 0.02342 100 1
2017-12-20 05:22:00 0.023266 0.023261 0.023271 0 20
2017-12-20 05:23:00 0.023374 0.023374 0.023374 100 1
2017-12-20 05:37:00 0.023503 0.023503 0.023503 100 3
2017-12-20 05:38:00 0.023526 0.023526 0.023526 100 25
2017-12-20 05:39:00 0.023579 0.023579 0.023579 100 3
2017-12-20 05:40:00 0.023588 0.023588 0.023588 100 4
2017-12-20 05:41:00 0.023684 0.023645 0.023762 33 8
2017-12-20 05:42:00 0.0237315 0.023725 0.023738 0 45
2017-12-20 05:44:00 0.023942 0.023942 0.023942 100 3
2017-12-20 05:47:00 0.023963 0.023963 0.023963 100 10
2017-12-20 05:52:00 0.0239755 0.023975 0.023976 100 42
2017-12-20 05:57:00 0.023905 0.023905 0.023905 0 2
2017-12-20 06:00:00 0.023976 0.023976 0.023976 100 4
2017-12-20 06:01:00 0.024036 0.023974 0.024101 100 51
2017-12-20 06:03:00 0.023917 0.023917 0.023917 0 30
2017-12-20 06:05:00 0.023864 0.023823 0.023905 0 7
2017-12-20 06:10:00 0.024021333333333336 0.024 0.024064 33 12
2017-12-20 06:12:00 0.024068 0.024068 0.024068 0 1
2017-12-20 06:14:00 0.024059 0.024059 0.024059 0 1
2017-12-20 06:16:00 0.02413 0.02413 0.02413 0 40
2017-12-20 06:17:00 0.02413 0.02413 0.02413 0 44
2017-12-20 06:19:00 0.02413 0.02413 0.02413 0 2
2017-12-20 06:21:00 0.02413 0.02413 0.02413 0 10
2017-12-20 06:22:00 0.02413 0.02413 0.02413 0 1
2017-12-20 06:26:00 0.0242895 0.024289 0.02429 100 56
2017-12-20 06:27:00 0.024436666666666666 0.02433 0.02449 100 19
2017-12-20 06:28:00 0.0243455 0.0243 0.02448 0 10
2017-12-20 06:30:00 0.024301 0.024301 0.024301 0 7
2017-12-20 06:32:00 0.024263 0.024263 0.024263 100 1
2017-12-20 06:34:00 0.024109333333333333 0.024108 0.024111 100 78
2017-12-20 06:35:00 0.024112 0.024112 0.024112 0 30
2017-12-20 06:36:00 0.0241105 0.02411 0.024111 0 23
2017-12-20 06:41:00 0.024258666666666668 0.0242 0.024288 0 14
2017-12-20 06:46:00 0.024171 0.024171 0.024171 100 47
2017-12-20 06:51:00 0.0240335 0.024033 0.024034 100 70
2017-12-20 06:52:00 0.0240375 0.02403 0.024045 100 70
2017-12-20 06:53:00 0.024088 0.024022 0.024154 100 50
2017-12-20 06:56:00 0.02402 0.02402 0.02402 100 5
2017-12-20 06:57:00 0.024109 0.024109 0.024109 0 25
2017-12-20 07:08:00 0.024095 0.024075 0.0241 100 83
2017-12-20 07:09:00 0.0243836 0.024262 0.024436 40 57
2017-12-20 07:10:00 0.024454 0.024432 0.024476 100 2
2017-12-20 07:11:00 0.024439666666666665 0.024417 0.024479 33 7
2017-12-20 07:13:00 0.0244205 0.02442 0.024421 0 21
2017-12-20 07:14:00 0.024461 0.024461 0.024461 0 4
2017-12-20 07:15:00 0.024408000000000003 0.024292 0.02455 71 96
2017-12-20 07:17:00 0.02448433333333333 0.024401 0.02465 33 8
2017-12-20 07:18:00 0.024730400000000003 0.02465 0.024856 40 30
2017-12-20 07:19:00 0.024549 0.024549 0.024549 100 1
2017-12-20 07:20:00 0.024638 0.024638 0.024638 0 4
2017-12-20 07:21:00 0.024565 0.024565 0.024565 0 9
2017-12-20 07:22:00 0.024565 0.024565 0.024565 0 3
2017-12-20 07:23:00 0.02444 0.02444 0.02444 0 1
2017-12-20 07:25:00 0.024401 0.024401 0.024401 0 4
2017-12-20 07:26:00 0.024574857142857145 0.024508 0.024653 57 113
2017-12-20 07:27:00 0.024421 0.024421 0.024421 0 1
2017-12-20 07:29:00 0.024459 0.024459 0.024459 100 4
2017-12-20 07:30:00 0.024487 0.024487 0.024487 100 10
2017-12-20 07:31:00 0.02445 0.02445 0.02445 0 25
2017-12-20 07:34:00 0.024107999999999997 0.024062 0.024154 50 3
2017-12-20 07:36:00 0.0239 0.0239 0.0239 0 20
2017-12-20 07:37:00 0.0238715 0.023871 0.023872 0 10
2017-12-20 07:38:00 0.023846666666666665 0.0238 0.02387 0 81
2017-12-20 07:39:00 0.0238575 0.023826 0.023889 100 31
2017-12-20 07:40:00 0.023905 0.023905 0.023905 0 1
2017-12-20 07:41:00 0.023904666666666668 0.023904 0.023906 0 70
2017-12-20 07:43:00 0.0239065 0.023904 0.023909 50 31
2017-12-20 07:44:00 0.02371183333333333 0.023686 0.023786 0 32
2017-12-20 07:45:00 0.023591666666666667 0.023577 0.02362 33 51
2017-12-20 07:47:00 0.023549333333333335 0.023495 0.023593 0 6
2017-12-20 07:49:00 0.023545 0.023545 0.023545 0 3
2017-12-20 07:50:00 0.023475499999999996 0.023417 0.023594 50 76
2017-12-20 07:51:00 0.023187 0.023187 0.023187 100 1
2017-12-20 07:52:00 0.023185666666666663 0.02316 0.023199 100 19
2017-12-20 07:53:00 0.0232425 0.023234 0.023251 50 2
2017-12-20 07:54:00 0.023168666666666667 0.023163 0.023173 0 45
2017-12-20 07:56:00 0.023346 0.023346 0.023346 100 7
2017-12-20 07:57:00 0.023496 0.023496 0.023496 100 5
2017-12-20 07:58:00 0.023681 0.023656 0.023706 100 22
2017-12-20 07:59:00 0.023785 0.023785 0.023785 100 2
2017-12-20 08:05:00 0.023662 0.023662 0.023662 100 1
2017-12-20 08:22:00 0.023629 0.023629 0.023629 100 1
2017-12-20 08:23:00 0.023723 0.023723 0.023723 100 2
2017-12-20 08:28:00 0.023733 0.023733 0.023733 100 3
2017-12-20 08:34:00 0.02414225 0.023989 0.024254 50 10
2017-12-20 08:36:00 0.024124 0.024124 0.024124 0 30
2017-12-20 08:37:00 0.024228 0.024228 0.024228 100 2
2017-12-20 08:38:00 0.02412 0.02412 0.02412 100 5
2017-12-20 08:41:00 0.0236 0.0236 0.0236 0 4
2017-12-20 08:42:00 0.0237205 0.023703 0.023738 100 2
2017-12-20 08:44:00 0.023702 0.023702 0.023702 100 1
2017-12-20 08:45:00 0.023892 0.023891 0.023893 100 50
2017-12-20 08:48:00 0.02385 0.02385 0.02385 0 5
2017-12-20 08:49:00 0.023774 0.023761 0.023787 0 2
2017-12-20 08:50:00 0.023767 0.023767 0.023767 0 7
2017-12-20 08:53:00 0.023652999999999997 0.023631 0.023666 66 3
2017-12-20 08:54:00 0.023566 0.023532 0.0236 0 20
2017-12-20 08:56:00 0.023316 0.02331 0.023328 66 50
2017-12-20 08:58:00 0.023198 0.023198 0.023198 0 25
2017-12-20 08:59:00 0.0230375 0.023016 0.023059 0 26
2017-12-20 09:00:00 0.022828750000000002 0.022678 0.023052 62 147
2017-12-20 09:02:00 0.023047 0.023047 0.023047 100 25
2017-12-20 09:03:00 0.023002500000000002 0.022974 0.023031 50 26
2017-12-20 09:04:00 0.022957333333333333 0.022929 0.022974 0 79
2017-12-20 09:05:00 0.0230425 0.023006 0.023079 100 4
2017-12-20 09:06:00 0.0231515 0.023151 0.023152 100 2
2017-12-20 09:13:00 0.023206 0.023206 0.023206 66 12
2017-12-20 09:17:00 0.0231352 0.02308 0.023152 0 43
2017-12-20 09:23:00 0.023329 0.023329 0.023329 100 25
2017-12-20 09:24:00 0.023402 0.0234 0.023404 100 50
2017-12-20 09:25:00 0.023486 0.023486 0.023486 100 2
2017-12-20 09:26:00 0.0236305 0.02363 0.023631 100 5
2017-12-20 09:27:00 0.023610499999999996 0.023485 0.023794 66 9
2017-12-20 09:28:00 0.02403 0.02402 0.02404 0 2
2017-12-20 09:30:00 0.024316857142857144 0.0242 0.024392 85 77
2017-12-20 09:33:00 0.024283 0.024283 0.024283 100 3
2017-12-20 09:35:00 0.0241435 0.024107 0.02418 0 50
2017-12-20 09:36:00 0.024033 0.024014 0.0241 0 77
2017-12-20 09:37:00 0.02402 0.02398 0.02408 33 30
2017-12-20 09:38:00 0.024199 0.024111 0.024251 100 70
2017-12-20 09:40:00 0.024233499999999998 0.024219 0.024248 100 50
2017-12-20 09:46:00 0.02422 0.02419 0.02425 50 41
2017-12-20 10:01:00 0.023900499999999998 0.023864 0.023937 100 2
2017-12-20 10:02:00 0.023825 0.023825 0.023825 100 20
2017-12-20 10:10:00 0.0239065 0.023897 0.023916 0 2
2017-12-20 10:30:00 0.0242575 0.024257 0.024258 0 40
2017-12-20 10:32:00 0.024369500000000002 0.024347 0.024392 50 21
2017-12-20 10:35:00 0.024085 0.024085 0.024085 100 1
2017-12-20 10:36:00 0.02397 0.02397 0.02397 0 1
2017-12-20 10:38:00 0.024123 0.024123 0.024123 100 1
2017-12-20 10:47:00 0.02401 0.02401 0.02401 0 10
2017-12-20 10:48:00 0.024012 0.024012 0.024012 0 25
2017-12-20 10:49:00 0.024046 0.024046 0.024046 0 1
2017-12-20 10:52:00 0.023835 0.023835 0.023835 100 1
2017-12-20 10:53:00 0.0238 0.0238 0.0238 0 1
2017-12-20 10:54:00 0.023827 0.0238 0.023854 50 2
2017-12-20 10:55:00 0.02383 0.02381 0.02385 100 2
2017-12-20 11:00:00 0.02354125 0.023425 0.023614 75 78
2017-12-20 11:03:00 0.0235 0.0235 0.0235 100 1
2017-12-20 11:04:00 0.02379 0.02379 0.02379 100 5
2017-12-20 11:08:00 0.023713 0.023713 0.023713 0 1
2017-12-20 11:16:00 0.023813 0.023813 0.023813 100 1
2017-12-20 11:23:00 0.023941 0.023941 0.023941 100 1
2017-12-20 11:33:00 0.023998 0.023996 0.024 0 2
2017-12-20 11:43:00 0.024107999999999997 0.024062 0.024154 50 11
2017-12-20 11:46:00 0.024162 0.024157 0.024171 100 21
2017-12-20 11:49:00 0.023944 0.023944 0.023944 0 1
2017-12-20 11:50:00 0.02394 0.02394 0.02394 0 1
2017-12-20 11:55:00 0.024024999999999998 0.023974 0.024076 100 2
2017-12-20 12:00:00 0.024211 0.024211 0.024211 100 2
2017-12-20 12:01:00 0.0241145 0.024107 0.024122 0 2
2017-12-20 12:09:00 0.024192 0.024143 0.024217 0 80
2017-12-20 12:14:00 0.024141 0.024141 0.024141 100 1
2017-12-20 12:15:00 0.02414233333333333 0.024141 0.024145 66 27
2017-12-20 12:20:00 0.024141 0.024141 0.024141 100 110
2017-12-20 12:21:00 0.024141 0.024141 0.024141 100 301
2017-12-20 12:22:00 0.024203999999999996 0.024141 0.024327 60 36
2017-12-20 12:23:00 0.024213 0.024191 0.024235 50 26
2017-12-20 12:24:00 0.02419 0.02419 0.02419 100 3
2017-12-20 12:27:00 0.024191 0.024191 0.024191 100 47
2017-12-20 12:30:00 0.02419 0.02419 0.02419 0 1
2017-12-20 12:31:00 0.02419 0.02419 0.02419 0 3
2017-12-20 12:33:00 0.024191 0.024191 0.024191 100 1
2017-12-20 12:35:00 0.024191 0.024191 0.024191 100 64
2017-12-20 12:36:00 0.024191 0.024191 0.024191 100 4
2017-12-20 12:37:00 0.024191 0.024191 0.024191 100 10
2017-12-20 12:38:00 0.024191 0.024191 0.024191 100 4
2017-12-20 12:39:00 0.024191 0.024191 0.024191 100 4
2017-12-20 12:41:00 0.0242555 0.024191 0.02432 100 41
2017-12-20 12:44:00 0.024389 0.024389 0.024389 100 11
2017-12-20 12:45:00 0.02439 0.02439 0.02439 100 5
2017-12-20 12:48:00 0.024393 0.024393 0.024393 100 1
2017-12-20 12:49:00 0.024393 0.024393 0.024393 100 2
2017-12-20 12:51:00 0.0243995 0.024398 0.0244 75 21
2017-12-20 12:52:00 0.02472125 0.024637 0.024822 75 21
2017-12-20 12:53:00 0.025 0.025 0.025 100 4
2017-12-20 12:54:00 0.02509133333333333 0.025 0.025181 66 57
2017-12-20 12:55:00 0.025127 0.025093 0.025168 0 46
2017-12-20 12:58:00 0.025075 0.025075 0.025075 100 1
2017-12-20 12:59:00 0.025030899999999995 0.025018 0.025082 20 145
2017-12-20 13:01:00 0.024818 0.024818 0.024818 0 10
2017-12-20 13:02:00 0.024682 0.024661 0.024703 100 40
2017-12-20 13:03:00 0.024436 0.024436 0.024436 0 1
2017-12-20 13:04:00 0.024644 0.024644 0.024644 100 1
2017-12-20 13:06:00 0.024769 0.024769 0.024769 100 3
2017-12-20 13:09:00 0.024835 0.024835 0.024835 100 1
2017-12-20 13:13:00 0.02506825 0.025029 0.025113 75 34
2017-12-20 13:14:00 0.025161 0.025161 0.025161 0 4
2017-12-20 13:15:00 0.025300666666666666 0.02529 0.025306 100 4
2017-12-20 13:16:00 0.025328000000000003 0.025309 0.025347 50 5
2017-12-20 13:17:00 0.025308 0.025306 0.025309 0 13
2017-12-20 13:22:00 0.024499 0.024499 0.024499 0 5
2017-12-20 13:24:00 0.024544 0.024544 0.024544 0 30
2017-12-20 13:26:00 0.024792500000000002 0.024743 0.024842 100 2
2017-12-20 13:28:00 0.024915 0.024915 0.024915 100 1
2017-12-20 13:30:00 0.024942000000000002 0.024879 0.025047 33 13
2017-12-20 13:32:00 0.024809499999999998 0.024776 0.024843 50 12
2017-12-20 13:35:00 0.025045 0.025045 0.025045 100 1
2017-12-20 13:37:00 0.025007500000000002 0.02495 0.025065 0 2
2017-12-20 13:40:00 0.025025 0.025025 0.025025 100 2
2017-12-20 13:53:00 0.024808499999999997 0.024796 0.024821 100 2
2017-12-20 13:55:00 0.02478 0.02478 0.02478 0 1
2017-12-20 13:58:00 0.02478 0.02478 0.02478 100 4
2017-12-20 14:03:00 0.02478 0.02478 0.02478 100 1
2017-12-20 14:12:00 0.024914 0.024914 0.024914 100 4
2017-12-20 14:13:00 0.0249 0.0249 0.0249 0 40
2017-12-20 14:14:00 0.0248165 0.024816 0.024817 100 40
2017-12-20 14:18:00 0.024807000000000003 0.024806 0.024808 100 2
2017-12-20 14:19:00 0.024777 0.024777 0.024777 0 40
2017-12-20 14:25:00 0.024770666666666667 0.024766 0.024779 33 5
2017-12-20 14:26:00 0.02486 0.02486 0.02486 100 3
2017-12-20 14:31:00 0.02487 0.024867 0.024873 100 10
2017-12-20 14:37:00 0.024873 0.024873 0.024873 0 3
2017-12-20 14:43:00 0.024873 0.024873 0.024873 0 2
2017-12-20 14:46:00 0.02494 0.02494 0.02494 100 10
2017-12-20 14:48:00 0.02493 0.02493 0.02493 100 1
2017-12-20 14:52:00 0.024863 0.024863 0.024863 0 1
2017-12-20 14:57:00 0.024938333333333337 0.024905 0.02498 100 54
2017-12-20 14:59:00 0.025 0.025 0.025 100 3
2017-12-20 15:02:00 0.025 0.025 0.025 100 12
2017-12-20 15:05:00 0.025181 0.025181 0.025181 100 2
2017-12-20 15:06:00 0.025181 0.025181 0.025181 100 1
2017-12-20 15:10:00 0.025073250000000002 0.024996 0.025182 0 114
2017-12-20 15:11:00 0.025022 0.025022 0.025022 0 1
2017-12-20 15:15:00 0.024996 0.024996 0.024996 0 2
2017-12-20 15:17:00 0.025115 0.025115 0.025115 100 15
2017-12-20 15:23:00 0.025105 0.025105 0.025105 0 2
2017-12-20 15:24:00 0.0251025 0.0251 0.025105 50 3
2017-12-20 15:27:00 0.025092 0.025092 0.025092 0 5
2017-12-20 15:31:00 0.025242 0.025242 0.025242 0 15
2017-12-20 15:35:00 0.025225 0.025225 0.025225 0 2
2017-12-20 15:43:00 0.02523866666666667 0.025214 0.025283 0 7
2017-12-20 16:01:00 0.0254 0.0254 0.0254 100 20
2017-12-20 16:02:00 0.0254 0.0254 0.0254 100 20
2017-12-20 16:04:00 0.025384399999999994 0.025327 0.0254 80 195
2017-12-20 16:08:00 0.025399 0.025399 0.025399 100 4
2017-12-20 16:11:00 0.025315 0.025297 0.02533 0 10
2017-12-20 16:15:00 0.025272750000000004 0.025264 0.025298 25 28
2017-12-20 16:18:00 0.024861 0.024861 0.024861 0 2
2017-12-20 16:22:00 0.0250855 0.025085 0.025086 100 4
2017-12-20 16:31:00 0.025391 0.025388 0.025394 100 20
2017-12-20 16:35:00 0.0254 0.0254 0.0254 100 4
2017-12-20 16:36:00 0.0254 0.0254 0.0254 100 10
2017-12-20 16:39:00 0.0249695 0.024969 0.02497 0 15
2017-12-20 16:41:00 0.025138 0.025138 0.025138 100 4
