2017-12-18 16:48:00 0.028999 0.028999 0.028999 100 10
2017-12-18 16:49:00 0.029336 0.029336 0.029336 100 2
2017-12-18 16:51:00 0.029336 0.029336 0.029336 100 2
2017-12-18 16:52:00 0.029336 0.029336 0.029336 100 1
2017-12-18 16:53:00 0.029336 0.029336 0.029336 100 2
2017-12-18 16:55:00 0.029368000000000002 0.029336 0.0294 100 26
2017-12-18 16:56:00 0.029405 0.029405 0.029405 100 10
2017-12-18 16:57:00 0.0295 0.0295 0.0295 100 2
2017-12-18 17:07:00 0.030078 0.030078 0.030078 100 5
2017-12-18 17:08:00 0.030108 0.030108 0.030108 100 7
2017-12-18 17:10:00 0.03027 0.03027 0.03027 100 10
2017-12-18 17:11:00 0.030259 0.030259 0.030259 100 5
2017-12-18 17:12:00 0.030401 0.030401 0.030401 100 35
2017-12-18 17:15:00 0.030467 0.030467 0.030467 100 2
2017-12-18 17:17:00 0.029999 0.029999 0.029999 100 2
2017-12-18 17:22:00 0.031 0.031 0.031 0 1
2017-12-18 17:29:00 0.030425 0.030425 0.030425 100 5
2017-12-18 17:32:00 0.030003000000000002 0.030002 0.030004 0 2
2017-12-18 17:48:00 0.0306145 0.0304 0.030829 100 6
2017-12-18 17:50:00 0.030962 0.030962 0.030962 100 5
2017-12-18 17:53:00 0.031227 0.031227 0.031227 100 10
2017-12-18 17:55:00 0.031838 0.031837 0.031839 100 100
2017-12-18 17:57:00 0.031617 0.031427 0.031996 100 3
2017-12-18 17:58:00 0.031701 0.031701 0.031701 100 1
2017-12-18 17:59:00 0.031421 0.03142 0.031422 100 20
2017-12-18 18:00:00 0.031419 0.031419 0.031419 100 2
2017-12-18 18:02:00 0.031417 0.031417 0.031417 100 2
2017-12-18 18:03:00 0.031407500000000005 0.031399 0.031416 100 2
2017-12-18 18:04:00 0.031101 0.030805 0.031398 50 9
2017-12-18 18:06:00 0.030607 0.030607 0.030607 0 5
2017-12-18 18:09:00 0.030486 0.030486 0.030486 0 2
2017-12-18 18:22:00 0.031478 0.031478 0.031478 100 1
2017-12-18 18:31:00 0.03115 0.03115 0.03115 0 2
2017-12-18 18:44:00 0.030877 0.030877 0.030877 100 1
2017-12-18 18:51:00 0.0306185 0.030618 0.030619 0 5
2017-12-18 18:52:00 0.0306185 0.030618 0.030619 0 5
2017-12-18 18:58:00 0.031498 0.031498 0.031498 100 10
2017-12-18 19:10:00 0.031076 0.031076 0.031076 0 1
2017-12-18 19:16:00 0.030952000000000004 0.030645 0.031088 0 50
2017-12-18 19:17:00 0.031496 0.031496 0.031496 100 1
2017-12-18 19:18:00 0.031107 0.031107 0.031107 100 1
2017-12-18 19:20:00 0.0311465 0.030795 0.031498 50 36
2017-12-18 19:28:00 0.031498 0.031498 0.031498 100 10
2017-12-18 19:31:00 0.0314445 0.031444 0.031445 100 8
2017-12-18 19:32:00 0.0309 0.0309 0.0309 0 3
2017-12-18 19:34:00 0.0314 0.0314 0.0314 100 1
2017-12-18 19:43:00 0.0314995 0.031499 0.0315 100 18
2017-12-18 19:53:00 0.0308 0.0308 0.0308 0 1
2017-12-18 19:54:00 0.031393 0.031393 0.031393 100 6
2017-12-18 19:59:00 0.0313995 0.031399 0.0314 100 30
2017-12-18 20:03:00 0.0314 0.0314 0.0314 100 1
2017-12-18 20:05:00 0.031399 0.031399 0.031399 100 1
2017-12-18 20:08:00 0.031399 0.031399 0.031399 100 1
2017-12-18 20:10:00 0.0314 0.0314 0.0314 100 1
2017-12-18 20:19:00 0.031393 0.031393 0.031393 100 1
2017-12-18 20:20:00 0.031392 0.031392 0.031392 100 1
2017-12-18 20:23:00 0.031391 0.031391 0.031391 100 1
2017-12-18 20:24:00 0.0314 0.0314 0.0314 100 4
2017-12-18 20:26:00 0.0314 0.0314 0.0314 100 93
2017-12-18 20:28:00 0.0314 0.0314 0.0314 100 1
2017-12-18 20:32:00 0.031373 0.03135 0.031396 100 2
2017-12-18 20:35:00 0.03135 0.03135 0.03135 100 1
2017-12-18 20:59:00 0.0313995 0.031399 0.0314 100 2
2017-12-18 21:01:00 0.0314 0.0314 0.0314 100 2
2017-12-18 21:03:00 0.0314 0.0314 0.0314 100 1
2017-12-18 21:06:00 0.0314 0.0314 0.0314 100 82
2017-12-18 21:11:00 0.0316 0.0316 0.0316 0 1
2017-12-18 21:26:00 0.031559 0.031559 0.031559 100 1
2017-12-18 21:39:00 0.031111 0.031111 0.031111 0 3
2017-12-18 21:43:00 0.031599 0.031599 0.031599 100 1
2017-12-18 21:58:00 0.032 0.032 0.032 100 1
2017-12-18 22:04:00 0.032064999999999996 0.03201 0.03212 100 20
2017-12-18 22:16:00 0.032237 0.032229 0.032245 100 10
2017-12-18 22:25:00 0.032100000000000004 0.032 0.0322 50 3
2017-12-18 22:26:00 0.031701 0.031701 0.031701 0 2
2017-12-18 22:27:00 0.032 0.032 0.032 100 2
2017-12-18 22:35:00 0.0317005 0.0317 0.031701 0 2
2017-12-18 22:36:00 0.031701 0.031701 0.031701 0 1
2017-12-18 22:38:00 0.031794 0.031794 0.031794 0 1
2017-12-18 22:49:00 0.031598 0.031598 0.031598 0 2
2017-12-18 22:56:00 0.031998 0.031998 0.031998 100 1
2017-12-18 22:57:00 0.03146 0.03146 0.03146 0 1
2017-12-18 23:01:00 0.03150733333333334 0.031459 0.0316 0 21
2017-12-18 23:02:00 0.031218 0.030979 0.031457 0 4
2017-12-18 23:05:00 0.0310155 0.031012 0.031019 0 4
2017-12-18 23:06:00 0.031045 0.031045 0.031045 0 30
2017-12-18 23:07:00 0.031047 0.031047 0.031047 0 1
2017-12-18 23:10:00 0.030728333333333333 0.030603 0.030978 0 35
2017-12-18 23:12:00 0.03175 0.03175 0.03175 100 1
2017-12-18 23:29:00 0.030445 0.030445 0.030445 0 1
2017-12-18 23:30:00 0.0319 0.0319 0.0319 100 1
2017-12-18 23:49:00 0.029601 0.029601 0.029601 0 2
2017-12-18 23:51:00 0.031632 0.031632 0.031632 100 1
2017-12-19 00:05:00 0.030791666666666665 0.03065 0.03088 0 104
2017-12-19 00:06:00 0.029613 0.029613 0.029613 0 1
2017-12-19 01:07:00 0.029920799999999997 0.029601 0.030003 40 18
2017-12-19 01:11:00 0.030499 0.030499 0.030499 100 4
2017-12-19 01:17:00 0.030499 0.030499 0.030499 100 19
2017-12-19 01:34:00 0.0310105 0.03101 0.031011 100 4
2017-12-19 01:42:00 0.031 0.031 0.031 0 32
2017-12-19 02:08:00 0.030333 0.030333 0.030333 0 4
2017-12-19 02:12:00 0.030946 0.030946 0.030946 100 1
2017-12-19 02:13:00 0.03087 0.03087 0.03087 100 1
2017-12-19 02:17:00 0.030402 0.030402 0.030402 0 19
2017-12-19 02:45:00 0.031011 0.031011 0.031011 100 1
2017-12-19 03:31:00 0.031574 0.031574 0.031574 100 2
2017-12-19 04:02:00 0.031025 0.031025 0.031025 0 5
2017-12-19 04:04:00 0.031025 0.031025 0.031025 0 10
2017-12-19 04:14:00 0.0305 0.0305 0.0305 0 2
2017-12-19 04:18:00 0.030989 0.030989 0.030989 100 3
2017-12-19 04:22:00 0.030453 0.030453 0.030453 0 5
2017-12-19 04:34:00 0.030453 0.030453 0.030453 0 2
2017-12-19 05:58:00 0.0314348 0.031362 0.031585 100 100
2017-12-19 06:50:00 0.031474 0.031474 0.031474 100 1
2017-12-19 06:58:00 0.030942 0.030942 0.030942 0 1
2017-12-19 07:09:00 0.031461 0.031461 0.031461 100 1
2017-12-19 07:25:00 0.031654 0.031654 0.031654 100 15
2017-12-19 07:28:00 0.031016 0.031016 0.031016 0 30
2017-12-19 07:29:00 0.031017 0.031017 0.031017 0 1
2017-12-19 07:30:00 0.031559 0.031545 0.031573 100 3
2017-12-19 07:57:00 0.0318 0.0318 0.0318 100 1
2017-12-19 08:01:00 0.0318 0.0318 0.0318 100 3
2017-12-19 08:10:00 0.0318 0.0318 0.0318 100 35
2017-12-19 08:14:00 0.0318 0.0318 0.0318 100 31
2017-12-19 08:17:00 0.031679 0.031679 0.031679 0 3
2017-12-19 09:01:00 0.032018 0.032018 0.032018 100 5
2017-12-19 09:02:00 0.032338 0.0322 0.032476 100 20
2017-12-19 09:08:00 0.032466 0.032466 0.032466 100 2
2017-12-19 09:12:00 0.0321 0.0321 0.0321 0 1
2017-12-19 09:24:00 0.0321035 0.032101 0.032106 0 20
2017-12-19 09:55:00 0.031902 0.031902 0.031902 0 5
2017-12-19 09:59:00 0.031902 0.031902 0.031902 0 2
2017-12-19 10:05:00 0.032166 0.032166 0.032166 100 2
2017-12-19 10:13:00 0.03052 0.03052 0.03052 0 11
2017-12-19 10:19:00 0.033147 0.033147 0.033147 100 1
2017-12-19 10:45:00 0.030501 0.030501 0.030501 0 10
2017-12-19 11:09:00 0.032987 0.032987 0.032987 100 1
2017-12-19 11:16:00 0.03215433333333333 0.03049 0.032987 66 34
2017-12-19 11:45:00 0.031232 0.031232 0.031232 100 1
2017-12-19 12:23:00 0.0327515 0.0326 0.032784 62 200
2017-12-19 12:40:00 0.032098 0.032098 0.032098 100 50
2017-12-19 13:13:00 0.032453 0.032453 0.032453 100 4
2017-12-19 13:35:00 0.0323665 0.032366 0.032367 100 52
2017-12-19 13:53:00 0.03231 0.03231 0.03231 100 1
2017-12-19 13:55:00 0.031776 0.031776 0.031776 0 3
2017-12-19 13:58:00 0.032307 0.032307 0.032307 100 1
2017-12-19 14:01:00 0.032304 0.032304 0.032304 100 2
2017-12-19 14:02:00 0.032303 0.032303 0.032303 100 1
2017-12-19 14:23:00 0.032445 0.032445 0.032445 100 1
2017-12-19 14:27:00 0.032758 0.032758 0.032758 100 11
2017-12-19 15:04:00 0.0314804 0.031409 0.0315 0 60
2017-12-19 15:09:00 0.03145 0.03145 0.03145 100 1
2017-12-19 15:51:00 0.031787 0.031787 0.031787 100 1
2017-12-19 15:56:00 0.031781 0.031781 0.031781 100 2
2017-12-19 16:05:00 0.031319 0.030715 0.03168 50 25
2017-12-19 16:12:00 0.031202 0.031202 0.031202 100 10
2017-12-19 16:13:00 0.0315 0.0315 0.0315 100 1
2017-12-19 16:37:00 0.031906 0.031906 0.031906 100 1
2017-12-19 16:43:00 0.03189 0.03189 0.03189 100 15
2017-12-19 16:58:00 0.03188966666666667 0.031889 0.03189 100 25
2017-12-19 17:13:00 0.031999 0.031999 0.031999 100 10
2017-12-19 17:15:00 0.0321535 0.032 0.032307 100 70
2017-12-19 17:52:00 0.032474 0.032474 0.032474 100 1
2017-12-19 17:54:00 0.032474 0.032474 0.032474 100 1
2017-12-19 17:55:00 0.032474 0.032474 0.032474 100 1
2017-12-19 17:57:00 0.032474 0.032474 0.032474 100 1
2017-12-19 17:59:00 0.032472 0.032472 0.032472 100 1
2017-12-19 18:00:00 0.032486799999999996 0.032472 0.032498 100 26
2017-12-19 18:01:00 0.032733 0.0325 0.032966 100 31
2017-12-19 18:08:00 0.032943 0.032943 0.032943 100 1
2017-12-19 18:09:00 0.032983 0.032966 0.033 100 20
2017-12-19 18:12:00 0.033268 0.033268 0.033268 100 5
2017-12-19 18:20:00 0.0333 0.0333 0.0333 100 5
2017-12-19 18:21:00 0.0333855 0.0333 0.033471 100 10
2017-12-19 18:28:00 0.033796 0.033796 0.033796 100 5
2017-12-19 18:30:00 0.033866 0.033866 0.033866 100 8
2017-12-19 18:31:00 0.033866 0.033866 0.033866 100 3
2017-12-19 18:33:00 0.033866 0.033866 0.033866 100 20
2017-12-19 18:34:00 0.033864 0.033864 0.033864 100 2
2017-12-19 18:35:00 0.0337918 0.033445 0.033884 80 9
2017-12-19 18:36:00 0.033884 0.033884 0.033884 100 3
2017-12-19 18:39:00 0.033884 0.033884 0.033884 100 5
2017-12-19 18:45:00 0.0344 0.0344 0.0344 100 1
2017-12-19 18:53:00 0.034368 0.034368 0.034368 100 2
2017-12-19 18:55:00 0.034356 0.034356 0.034356 100 4
2017-12-19 18:56:00 0.033996 0.033996 0.033996 0 5
2017-12-19 19:04:00 0.0344 0.0344 0.0344 100 19
2017-12-19 19:05:00 0.034798 0.034798 0.034798 100 50
2017-12-19 19:06:00 0.03504120000000001 0.034994 0.035179 80 65
2017-12-19 19:07:00 0.035179 0.035179 0.035179 0 16
2017-12-19 19:18:00 0.035176 0.035176 0.035176 100 5
2017-12-19 19:21:00 0.035176 0.035176 0.035176 100 16
2017-12-19 19:24:00 0.0359975 0.035995 0.036 100 30
2017-12-19 19:27:00 0.036 0.036 0.036 100 1
2017-12-19 19:29:00 0.035987 0.035987 0.035987 100 1
2017-12-19 19:30:00 0.035987 0.035987 0.035987 100 1
2017-12-19 19:34:00 0.03447666666666666 0.034476 0.034478 0 11
2017-12-19 19:49:00 0.035555 0.035555 0.035555 100 2
2017-12-19 19:51:00 0.035556 0.035556 0.035556 100 14
2017-12-19 20:01:00 0.034819 0.034819 0.034819 0 2
2017-12-19 20:05:00 0.034831 0.034831 0.034831 0 5
2017-12-20 00:32:00 0.032475500000000004 0.032473 0.032478 0 30
2017-12-20 00:34:00 0.032488333333333334 0.032488 0.032489 0 50
2017-12-20 00:37:00 0.032492 0.032492 0.032492 0 1
2017-12-20 00:45:00 0.032378 0.032378 0.032378 0 6
2017-12-20 00:49:00 0.032388 0.032388 0.032388 0 14
2017-12-20 00:51:00 0.032395 0.032395 0.032395 0 1
2017-12-20 00:53:00 0.032398 0.032398 0.032398 0 50
2017-12-20 00:55:00 0.0333308 0.03333 0.033332 100 67
2017-12-20 00:56:00 0.0333275 0.033327 0.033328 100 14
2017-12-20 01:02:00 0.035922 0.035922 0.035922 100 11
2017-12-20 01:03:00 0.035915 0.035915 0.035915 100 1
2017-12-20 01:10:00 0.035183 0.035183 0.035183 100 1
2017-12-20 01:13:00 0.032882499999999995 0.032582 0.033183 0 3
2017-12-20 01:22:00 0.035728 0.035728 0.035728 100 20
2017-12-20 01:24:00 0.0328 0.0328 0.0328 0 2
2017-12-20 01:27:00 0.034999 0.034999 0.034999 100 4
2017-12-20 01:42:00 0.0355 0.0355 0.0355 100 1
2017-12-20 01:50:00 0.033225 0.033225 0.033225 0 1
2017-12-20 02:05:00 0.033455 0.033455 0.033455 0 1
2017-12-20 02:11:00 0.035233999999999994 0.0351 0.035261 83 154
2017-12-20 02:13:00 0.033552 0.033552 0.033552 0 1
2017-12-20 02:23:00 0.0351 0.0351 0.0351 100 6
2017-12-20 02:49:00 0.03571 0.03571 0.03571 100 1
2017-12-20 02:53:00 0.035262 0.034952 0.035572 50 6
2017-12-20 03:24:00 0.035787 0.035787 0.035787 100 3
2017-12-20 03:59:00 0.0359905 0.03599 0.035991 100 2
2017-12-20 04:04:00 0.035923 0.035923 0.035923 100 10
2017-12-20 04:05:00 0.035919 0.035919 0.035919 0 50
2017-12-20 05:02:00 0.036 0.036 0.036 100 6
2017-12-20 05:40:00 0.036528 0.036528 0.036528 100 5
2017-12-20 05:47:00 0.036524 0.036524 0.036524 100 2
2017-12-20 05:51:00 0.036521 0.036521 0.036521 100 2
2017-12-20 06:03:00 0.036428666666666665 0.036279 0.036728 0 6
2017-12-20 06:15:00 0.036965 0.036965 0.036965 100 2
2017-12-20 06:24:00 0.0367605 0.03676 0.036761 100 5
2017-12-20 06:49:00 0.036002 0.036001 0.036003 0 5
2017-12-20 06:51:00 0.036514 0.036514 0.036514 100 3
2017-12-20 06:52:00 0.0363 0.0363 0.0363 0 1
2017-12-20 06:54:00 0.0363 0.0363 0.0363 0 24
2017-12-20 07:04:00 0.037221000000000004 0.036338 0.037899 100 12
2017-12-20 07:13:00 0.036138 0.036138 0.036138 0 30
2017-12-20 07:15:00 0.036137 0.036137 0.036137 0 60
2017-12-20 07:19:00 0.03688 0.03688 0.03688 100 4
2017-12-20 07:22:00 0.036759 0.036759 0.036759 100 1
2017-12-20 07:28:00 0.0366405 0.03664 0.036641 100 23
2017-12-20 07:36:00 0.0361 0.0361 0.0361 0 10
2017-12-20 07:37:00 0.036 0.036 0.036 0 50
2017-12-20 07:41:00 0.036 0.036 0.036 0 3
2017-12-20 07:42:00 0.036220999999999996 0.036168 0.036326 100 73
2017-12-20 07:51:00 0.03607 0.035823 0.036633 50 57
2017-12-20 07:52:00 0.0358 0.0358 0.0358 0 1
2017-12-20 07:55:00 0.0358 0.0358 0.0358 0 2
2017-12-20 08:05:00 0.035801 0.035801 0.035801 0 2
2017-12-20 08:21:00 0.035787 0.035774 0.0358 0 50
2017-12-20 08:41:00 0.03561 0.03561 0.03561 0 2
2017-12-20 08:42:00 0.03445825 0.033455 0.03561 8 152
2017-12-20 08:55:00 0.034005 0.034004 0.034006 0 5
2017-12-20 09:07:00 0.034806 0.034806 0.034806 100 8
2017-12-20 09:08:00 0.03480366666666667 0.034796 0.034808 100 26
2017-12-20 09:33:00 0.035443 0.035443 0.035443 100 2
2017-12-20 10:05:00 0.0350685 0.035068 0.035069 100 23
2017-12-20 10:12:00 0.035613 0.035613 0.035613 100 1
2017-12-20 10:22:00 0.035063 0.035063 0.035063 100 10
2017-12-20 10:39:00 0.03458 0.034579 0.034581 0 15
2017-12-20 10:52:00 0.034849 0.034849 0.034849 100 1
2017-12-20 11:03:00 0.034832 0.034832 0.034832 100 2
2017-12-20 11:21:00 0.034699 0.034699 0.034699 100 7
2017-12-20 11:22:00 0.034582999999999996 0.03455 0.0346 66 10
2017-12-20 11:33:00 0.034799 0.034799 0.034799 100 2
2017-12-20 11:47:00 0.035038 0.035038 0.035038 100 2
2017-12-20 11:49:00 0.034944 0.034944 0.034944 100 2
2017-12-20 11:52:00 0.034898 0.034898 0.034898 100 2
2017-12-20 11:54:00 0.0345835 0.034583 0.034584 0 40
2017-12-20 11:58:00 0.036315 0.036315 0.036315 100 1
2017-12-20 12:30:00 0.03645433333333333 0.036452 0.036458 100 29
2017-12-20 12:32:00 0.036453 0.036453 0.036453 100 1
2017-12-20 12:33:00 0.036446000000000006 0.036442 0.03645 100 2
2017-12-20 12:34:00 0.036416 0.036416 0.036416 100 2
2017-12-20 12:37:00 0.03675733333333333 0.036736 0.036799 100 50
2017-12-20 12:42:00 0.036797 0.036797 0.036797 100 2
2017-12-20 12:44:00 0.036798 0.036798 0.036798 100 7
2017-12-20 12:47:00 0.036699 0.036699 0.036699 100 2
2017-12-20 12:49:00 0.036697 0.036697 0.036697 100 15
2017-12-20 12:53:00 0.036799 0.036799 0.036799 100 1
2017-12-20 12:57:00 0.036997 0.036997 0.036997 100 3
2017-12-20 13:06:00 0.036985 0.036985 0.036985 100 1
2017-12-20 13:14:00 0.03603 0.03603 0.03603 0 1
2017-12-20 13:35:00 0.036999 0.036999 0.036999 100 2
2017-12-20 13:36:00 0.036999 0.036999 0.036999 100 2
2017-12-20 13:37:00 0.036999 0.036999 0.036999 100 2
2017-12-20 13:38:00 0.036999 0.036999 0.036999 100 4
2017-12-20 13:40:00 0.036999 0.036999 0.036999 100 4
2017-12-20 13:41:00 0.036999 0.036999 0.036999 100 2
2017-12-20 13:42:00 0.036999 0.036999 0.036999 100 2
2017-12-20 13:43:00 0.036999 0.036999 0.036999 100 2
2017-12-20 13:44:00 0.036999 0.036999 0.036999 100 2
2017-12-20 13:45:00 0.036999 0.036999 0.036999 100 2
2017-12-20 13:49:00 0.036999 0.036999 0.036999 100 2
2017-12-20 13:52:00 0.036999 0.036999 0.036999 100 14
2017-12-20 14:00:00 0.0363345 0.036334 0.036335 0 5
2017-12-20 14:16:00 0.037566 0.037566 0.037566 100 15
2017-12-20 14:31:00 0.036833 0.036833 0.036833 100 2
2017-12-20 14:37:00 0.037159 0.037159 0.037159 100 5
2017-12-20 14:46:00 0.037401500000000004 0.037399 0.037404 100 5
2017-12-20 14:53:00 0.036659 0.036659 0.036659 0 1
2017-12-20 15:00:00 0.037041 0.037041 0.037041 0 2
2017-12-20 15:03:00 0.037041 0.037041 0.037041 0 10
2017-12-20 15:15:00 0.0379 0.0379 0.0379 100 1
2017-12-20 15:16:00 0.0382995 0.0379 0.038699 100 30
2017-12-20 15:20:00 0.03718 0.03718 0.03718 0 1
2017-12-20 15:30:00 0.0386995 0.038699 0.0387 100 28
2017-12-20 15:33:00 0.038858000000000004 0.038716 0.039 50 5
2017-12-20 15:36:00 0.039 0.039 0.039 100 3
2017-12-20 15:37:00 0.039472 0.039472 0.039472 100 2
2017-12-20 15:38:00 0.039472 0.039472 0.039472 100 11
2017-12-20 15:40:00 0.040519 0.040519 0.040519 100 2
2017-12-20 15:45:00 0.038193 0.037653 0.038733 0 2
2017-12-20 15:49:00 0.039741 0.039741 0.039741 0 1
2017-12-20 16:23:00 0.0388935 0.038787 0.039 0 2
2017-12-20 16:24:00 0.03879 0.03879 0.03879 0 3
2017-12-20 16:25:00 0.038792 0.038792 0.038792 0 1
